752	3051
752	5213
752	4797
752	3052
752	4796
3051	5213
4219	5448
4219	1126
5448	1126
5448	792
5448	1961
5448	1061
5448	3109
5448	3456
5448	4862
221	5221
221	5144
221	2895
221	5180
221	2389
221	3380
5221	3836
5221	3823
5221	1196
5221	117
5221	3240
5221	4285
5221	1167
5221	2274
5221	3822
5221	901
5221	1306
5221	4757
1183	3646
3646	5325
4942	2012
5663	2012
5663	1762
1255	5462
3751	5462
865	5143
865	3200
5143	2977
5143	3132
5143	4605
5143	4284
5143	3235
5143	2143
5143	717
5143	1198
5143	2205
5143	1660
5143	4210
5143	3665
5143	696
5143	3961
5143	2
5143	1822
5143	1820
5143	17
5143	1405
5143	4358
5143	62
5143	4607
5143	1991
5143	3200
5143	4903
5143	1067
3446	1056
5232	3142
5232	1326
5232	743
5232	3436
5232	4385
5232	241
5232	1056
5232	250
5232	2874
5232	1050
5232	1921
5232	1580
5232	2423
5232	184
5232	4235
5232	2300
5232	1493
5232	2413
5232	4774
5232	3733
5232	95
5232	3848
5232	4112
5232	4234
5232	5017
5232	2128
501	5275
501	2739
5275	446
5275	2739
5275	5134
5275	2137
5275	2667
5275	2397
5275	226
1203	5547
142	2304
3423	5514
3423	1042
1666	4374
1666	5484
4374	5484
2678	5360
2678	454
2813	5176
2813	565
5176	1212
5176	1193
5176	1540
5176	1957
5176	5080
5176	4769
5176	3043
5176	4303
5176	4418
5176	2847
5176	4503
5176	4058
5176	4435
5176	2466
5176	2313
5176	693
5176	4793
5176	2958
5176	2562
5176	3113
5176	233
5176	2549
5176	744
5176	329
5176	938
5176	4846
5176	3041
5176	4833
5176	595
5176	1236
5176	1513
5176	1117
5176	1930
5176	4791
5176	1747
5176	3073
5176	717
5176	4625
5176	1879
5176	5002
5176	1696
5176	491
5176	46
5176	4544
5176	2188
5176	4608
5176	1624
5176	2388
5176	2592
5176	817
5176	3629
5176	4627
5176	2271
5176	2088
5176	3297
5176	387
5176	3248
5176	204
5176	4170
5176	3725
5176	1077
5176	115
5176	1266
5176	1539
5176	4138
5176	1307
5176	151
5176	2305
5176	287
5176	2931
5176	304
5176	4027
5176	1622
5176	1835
5176	979
5176	351
5176	3870
5176	4713
5176	1833
5176	5062
5176	2910
5176	4711
5176	413
5176	1518
5176	2942
5176	2759
5176	2972
5176	4134
5176	1169
5176	1903
5176	5026
5176	2563
5176	3251
5176	362
5176	1631
5176	4830
5176	1950
5176	4926
5176	2627
5176	1471
5176	2063
5176	3138
5176	520
5176	3768
5176	3545
5176	4745
5176	4543
5176	2050
5176	2525
5176	671
5176	2114
5176	126
5176	767
5176	4858
5176	143
5176	3481
5176	1414
5176	4305
5176	220
5176	3681
5176	4137
5176	4748
5176	4173
5176	3679
5176	1710
5176	2272
5176	3347
5176	565
5176	41
5176	1542
5176	4171
5176	1340
5176	1757
5176	2183
4672	5430
4672	1382
5430	5011
5430	713
5430	4004
5430	5009
5430	1733
5430	4594
5430	5007
5430	4675
5430	4673
5430	4679
5430	3000
5430	507
5430	1380
5430	1729
5430	4471
5430	4671
5430	1382
5430	4899
5430	4467
5430	1289
5430	1811
5430	5010
5430	4678
5430	3548
5430	4670
5430	5008
5430	1119
5430	4674
5430	68
196	5164
196	2362
5164	796
5164	1213
5164	5111
5164	2463
5164	4928
5164	2493
5164	49
5164	3917
5164	85
5164	3555
5164	3353
5164	4002
5164	1692
5164	3127
5164	2944
5164	4019
5164	1371
5164	1090
5164	4600
5164	2795
5164	177
5164	3174
5164	3987
5164	1418
5164	2018
5164	1816
5164	3849
5164	3453
5164	409
5164	3666
5164	1435
5164	4954
5164	2461
5164	2878
5164	686
5164	3885
5164	4177
5164	3915
5164	3683
5164	4973
5164	673
5164	624
5164	3119
5164	75
5164	2936
5164	4824
5164	1529
5164	507
5164	750
5164	4345
5164	1301
5164	3504
5164	4009
5164	2223
5164	2774
5164	3568
5164	390
5164	3123
5164	4624
5164	1299
5164	2191
5164	754
5164	309
5164	784
5164	735
5164	1444
5164	2044
5164	2074
5164	790
5164	4156
5164	1246
5164	801
5164	4475
5164	4030
5164	1382
5164	2031
5164	1199
5164	2670
5164	2749
5164	3117
5164	2915
5164	3049
5164	635
5164	1527
5164	273
5164	303
5164	3115
5164	729
5164	284
5164	3794
5164	3928
5164	3230
5164	271
5164	3528
5164	1327
5164	4654
5164	1744
5164	4982
5164	2964
5164	3654
5164	3992
5164	4205
5164	1161
5164	2206
5164	4022
5164	2430
5164	586
5164	799
5164	3739
5164	1429
5164	1023
5164	2649
5164	691
5164	246
5164	895
5164	3107
5164	1446
5164	3920
5164	1534
5164	1872
5164	4978
5164	3801
5164	708
5164	1240
5164	4993
5164	4548
5164	2945
5164	2500
5164	2975
5164	3790
5164	1093
5164	3984
5164	4644
5164	4039
5164	1421
5164	985
5164	589
5164	723
5164	1189
5164	2428
5164	2692
5164	808
5164	4065
5164	576
5164	3912
5164	1370
5164	1845
5164	2892
5164	3501
5164	3056
5164	255
5164	4161
5164	672
5164	1851
5164	885
5164	4346
5164	1832
5164	5110
5164	76
5164	3916
5164	1453
5164	2752
5164	3120
5164	4378
5164	551
5164	1285
5164	2362
5164	4836
5164	2556
5164	3814
5164	721
5164	800
5164	355
5164	2622
5164	449
5164	1079
5164	798
5164	4704
5164	2211
5164	5072
5164	2841
5164	2222
5164	223
5164	3684
5164	70
5164	804
5164	3908
5164	5119
5164	1247
5164	668
5164	1124
5164	2120
5164	132
5164	2993
5164	3118
5164	3748
5164	3178
5164	3729
5164	4021
5164	2341
5164	4815
5164	3029
5164	3010
5164	3793
5164	700
5164	2982
5164	334
5164	3016
5288	2043
5288	3767
5288	4001
5288	272
5288	585
5288	4400
5288	2518
5288	1311
5288	979
5288	996
5288	4992
5288	4147
5288	905
5288	3387
5288	4839
586	2838
765	3069
765	5436
3069	5436
2022	5729
2022	4964
5729	4964
468	5214
5214	108
5214	2869
5214	1143
5214	4174
5214	4338
5214	1543
5214	2695
5214	2131
5214	2876
5214	684
5214	888
5214	2310
5214	616
5214	3588
5214	742
5214	5125
5214	606
1408	5161
1408	5108
1408	5152
1408	3965
5161	4348
5161	4299
5161	2019
5161	80
5161	3899
5161	4365
5161	2164
5161	2230
5161	3171
5161	78
5161	3965
5161	1551
5161	3763
5161	1115
5161	1898
5161	4838
5161	3158
5161	3188
5161	2926
5161	695
5161	987
5161	1915
5161	2207
5161	3893
5161	191
5161	4048
5161	723
5161	4242
5161	4708
5161	4476
5161	2641
5161	3697
5161	4442
5161	4938
5161	1235
5161	1583
5161	1875
5161	3346
5161	2901
5161	3897
5161	853
5161	591
5161	3880
5161	1890
5161	2356
5161	4723
5161	38
5161	881
5161	4342
5161	4738
5161	1541
5161	4923
5161	3148
5161	917
5161	2322
5161	3580
5161	615
5161	121
5161	3640
5161	4638
5161	1545
5161	845
5161	1262
5161	4549
5161	1243
5161	1224
5161	3267
5161	213
5161	1279
5161	843
5161	660
5161	1841
5161	4702
5161	2316
5161	1871
5161	3159
5161	849
5161	1141
5161	1722
5161	1935
5161	2516
5161	3012
5161	3176
5161	3776
5161	3157
5161	4764
5161	4185
5161	2380
5161	2514
5161	1358
5161	788
5161	526
5161	4036
5161	556
5161	136
5161	3655
5161	3289
5161	641
5161	3898
5161	4449
5161	1222
5161	1356
5161	4451
5161	2180
5161	5041
5161	3702
5161	609
5161	426
5161	4728
5161	1190
5161	4962
5161	2082
5161	2974
5161	64
5161	45
5161	1548
5161	51
5161	160
5161	32
5161	4241
5161	4366
5161	1584
5161	4658
5161	5054
5161	2010
5161	3355
5161	79
5161	4364
5161	2802
5161	3402
5161	833
5161	3432
5161	3830
5161	1599
5161	4460
5161	26
5161	2868
5161	2685
5161	2819
5161	3547
5161	3662
5161	1876
5161	3896
5161	4941
5161	4709
5161	4739
5161	2225
5161	1312
5161	4115
5161	4175
5161	2291
5161	2766
5161	2970
5161	3104
5161	3183
5161	1359
5161	3562
5161	3775
5161	3909
5161	1727
5161	1544
5161	1891
5161	2174
5161	77
5161	320
5161	3181
5161	4703
5161	1357
5161	4452
5161	122
5161	152
5161	3217
5161	154
5161	4437
5161	2187
5161	5078
5161	1178
5161	1653
5161	5114
5161	22
5161	2100
5161	82
5161	3543
5161	4182
5161	1738
5161	1506
5161	1457
5161	2532
5161	2979
5161	1889
5161	3784
5161	1870
5161	299
5161	978
5161	359
5161	1723
5161	1936
5161	2228
5161	1783
5161	1025
5161	1219
5161	1353
5161	4729
5161	2226
5161	2168
3285	5171
3285	930
5171	3945
5171	1101
5171	139
5171	32
5171	3998
5171	4028
5171	4871
5171	4639
5171	2706
5171	3947
5171	1591
5171	1016
5171	1842
5171	3021
5171	141
5171	3943
5171	2061
5171	3515
5171	4571
5171	2078
5171	3145
5171	4375
5171	1970
5171	950
5171	2647
5171	1393
5171	431
5171	35
5171	1440
5171	4599
5171	1427
5171	678
5171	3405
5171	2911
5171	1968
5171	4829
5171	1949
5171	5023
5171	3160
5171	4429
5171	3226
5171	4020
5171	802
5171	1451
5171	4874
5171	2777
5171	4250
5171	1815
5171	2311
5171	1098
5171	4927
5171	4014
5171	3946
5171	2954
5171	1394
5171	2177
5171	4872
5171	3514
5171	3727
5171	1562
5171	1017
5171	834
5171	3433
5171	1047
5171	3512
5171	1445
5171	1658
5171	2075
5171	1813
5171	1100
5171	3312
5171	3391
5171	1392
5171	2003
5171	2950
5171	4970
5171	149
5171	730
5171	1971
5171	136
5171	534
5171	4336
5171	3112
5171	183
5171	649
5171	4323
5171	1026
5171	677
5171	4996
5171	2301
5171	5043
5171	824
5171	4877
5171	2646
5171	2597
500	5166
500	3305
500	5174
500	2738
5166	4408
5166	2816
5166	2614
5166	566
5166	121
5166	547
5166	1330
5166	4870
5166	1390
5166	1603
5166	4881
5166	2814
5166	1688
5166	3887
5166	4536
5166	1492
5166	4091
5166	666
5166	3295
5166	2565
5166	364
5166	3940
5166	926
5166	1339
5166	4696
5166	4866
5166	4615
5166	1967
5166	5090
5166	211
5166	628
5166	4496
5166	1927
5166	4681
5166	2112
5166	307
5166	2378
5166	3366
5166	4179
5166	4645
5166	1929
5166	4790
5166	2791
5166	1857
5166	2885
5166	54
5166	3911
5166	1546
5166	1972
5166	699
5166	2932
5166	884
5166	795
5166	4788
5166	997
5166	3507
5166	3279
5166	1825
5166	1261
5166	3760
5166	3190
5166	4459
5166	2411
5166	3196
5166	3788
5166	2826
5166	3213
5166	3852
5166	1283
5166	576
5166	3854
5166	1806
5166	1866
5166	2941
5166	3869
5166	4878
5166	2754
5166	48
5166	2988
5166	861
5166	29
5166	659
5166	1928
5166	4789
5166	704
5166	1964
5166	538
5166	568
5166	936
5166	2437
5166	2805
5166	391
5166	3910
5166	1234
5166	3114
5166	670
5166	2882
5166	4587
5166	2924
5166	2171
246	3938
246	5341
246	5180
246	5224
246	3774
246	2419
3938	5186
2040	5374
2040	4989
5374	4354
5374	482
5374	2715
5374	4989
766	3070
766	5194
3070	5194
5433	3024
5433	732
5433	3023
925	5458
925	3278
5458	4252
5458	4523
5458	4855
5458	3842
5458	4521
5458	3563
5458	1130
5458	4851
5458	4849
5458	4526
5458	3841
5458	4524
5458	837
5458	4522
5458	4850
5458	4848
5458	4854
5458	761
1126	3558
1126	5484
1724	5254
1724	4453
5254	306
5254	3167
5254	4453
5254	1758
5254	2099
5254	2344
5254	2478
5254	4556
5254	5077
5254	3962
5254	264
5254	324
5254	3645
5254	1182
5254	4950
5254	2438
5254	5122
5254	1406
5254	2598
5254	414
5254	627
5254	2943
5254	1010
5254	5006
5254	2349
5254	2519
5254	2628
5254	4216
5254	2426
5254	291
5254	4972
5254	4504
5254	2671
5254	253
5254	2026
5254	3557
4821	5674
4821	449
5674	4823
5674	449
5674	4603
5674	1819
5674	4819
3958	5156
5156	914
5156	1563
5156	4113
5156	4569
5156	1174
5156	1512
5156	2374
5156	2498
5156	3313
5156	16
5156	3526
5156	646
5156	780
5156	1063
5156	4767
5156	5065
5156	876
5156	1874
5156	4765
5156	699
5156	484
5156	1559
5156	5029
5156	1966
5156	5089
5156	2383
5156	316
5156	763
5156	778
5156	674
5156	2873
5156	3241
5156	4316
5156	1668
5156	4559
5156	4376
5156	2358
5156	3509
5156	3888
5156	3976
5156	1502
5156	2528
5156	3218
5156	4061
5156	4195
5156	2837
5156	508
5156	3633
5156	3067
5156	3097
5156	585
5156	2107
5156	5102
5156	4706
5156	193
5156	10
5156	2718
5156	1066
5156	3531
5156	3850
5156	1415
5156	2094
5156	3742
5156	1249
5156	4506
5156	1328
5156	1173
5156	4040
5156	1760
5156	1790
5156	1924
5156	1558
5156	2158
5156	2797
5156	3659
5156	1360
5156	702
5156	215
5156	3463
5156	3444
5156	3212
5156	951
5156	1011
5156	417
5156	3095
5156	2286
5156	4108
5156	4583
5156	2284
5156	4202
5156	4783
5156	5075
5156	2746
5156	3900
5156	3459
5156	996
5156	1452
5156	2508
5156	705
5156	1633
5156	1916
5156	3930
5156	2561
5156	2640
5156	2116
5156	360
5156	3385
5156	2989
5156	554
5156	3019
5156	3634
5156	620
5156	1384
5156	3800
5156	4758
5156	3068
5156	1110
5156	4126
306	3085
306	4086
306	5531
306	5305
306	4466
306	3087
306	2671
306	2605
306	5185
306	4226
306	4087
306	5343
306	5444
306	4265
306	5655
306	3086
306	3959
306	3088
306	5602
306	2496
306	5122
3085	5444
796	3115
296	2483
296	5271
4906	5718
5718	1994
922	3273
5389	533
5389	2036
5389	3011
5389	2775
5389	3503
5389	4985
5389	5051
5389	1092
5389	722
5389	2080
3102	785
914	3262
914	5065
914	5478
825	5456
5456	4421
5456	3146
5456	1699
234	3182
234	3184
234	5216
234	2405
234	5462
234	3489
3182	5462
3060	5174
5174	4331
5174	2630
5174	2864
5174	2909
5174	4333
5174	923
5174	2181
5174	2607
5174	1687
5174	2113
5174	1355
5174	1568
5174	2779
5174	3186
5174	1555
5174	4214
5174	1621
5174	2000
5174	4142
5174	3305
5174	4361
5174	1530
5174	3352
5174	1732
5174	383
5174	3874
5174	1643
5174	4193
5174	2041
5174	1630
5174	4917
5174	1641
5174	2929
5174	3480
5174	1443
5174	1920
5174	3527
5174	4157
5174	3895
5174	851
5174	1111
5174	4066
5174	4404
5174	2203
5174	2863
5174	747
5174	4470
5174	200
5174	4990
5174	558
5174	758
5174	4017
5174	775
5174	3191
5174	4313
5174	60
5174	4773
5174	2591
5174	2804
5174	3549
5174	322
5174	535
5174	1378
5174	386
5174	416
5174	4043
5174	984
5174	3924
5174	1461
5174	1661
5174	39
5174	4190
5174	2366
5174	552
5174	3275
5174	395
5174	3673
5174	610
5174	1606
5174	1344
5174	1423
5174	5097
4348	1653
850	3185
850	5241
3185	5241
5063	5552
5063	2089
5552	1338
5552	1218
2460	5295
2460	282
5295	1702
5295	282
5295	1892
5295	1055
5295	3627
5295	4730
5295	626
5295	4579
5295	4426
5295	3445
5295	2881
5295	1802
5237	935
5237	3734
5237	3466
5237	3298
5237	3377
5237	5044
5237	629
5237	4641
5237	3294
5237	3464
5237	480
5237	1700
5237	1004
5237	2309
5237	95
5237	308
5237	4457
5237	3465
5237	3239
5237	900
5237	2886
5237	2401
5237	2499
5237	230
5237	2399
5237	147
5237	3376
5237	3519
5237	1005
1563	4202
267	5165
267	2441
5165	1323
5165	1904
5165	3173
5165	3358
5165	2502
5165	3839
5165	3007
5165	84
5165	3718
5165	1389
5165	4514
5165	2843
5165	1253
5165	891
5165	3703
5165	3995
5165	4150
5165	4576
5165	3005
5165	5040
5165	2992
5165	1615
5165	197
5165	4278
5165	789
5165	1264
5165	719
5165	591
5165	621
5165	4355
5165	2258
5165	27
5165	3137
5165	74
5165	121
5165	3844
5165	3612
5165	2467
5165	583
5165	4255
5165	2256
5165	298
5165	17
5165	2363
5165	345
5165	3817
5165	2220
5165	3063
5165	494
5165	3704
5165	4749
5165	2033
5165	277
5165	2218
5165	2906
5165	645
5165	3749
5165	4532
5165	3106
5165	1371
5165	1105
5165	4311
5165	2672
5165	3696
5165	1776
5165	4539
5165	126
5165	107
5165	707
5165	4198
5165	718
5165	2221
5165	3168
5165	105
5165	4428
5165	1027
5165	4980
5165	4669
5165	2700
5165	2730
5165	816
297	2484
297	5170
488	4566
488	2722
488	5337
488	5141
5123	5194
5123	2129
5194	399
5194	921
5194	5004
5194	455
5194	2720
5194	4176
5194	2897
5194	2806
5194	1186
5194	3025
5194	2629
5194	2129
5194	2229
5194	415
5194	2052
5194	81
5194	4841
5194	4458
5194	3272
5194	1495
5194	733
5194	3737
5194	4373
5194	710
5194	4965
5194	2996
5194	229
5194	3650
201	2367
2367	5265
300	2489
300	2970
10	2799
10	5150
10	4360
10	5204
10	2243
2799	5325
1684	4399
1684	5272
4399	5272
3001	5197
1576	4228
1576	5382
1576	4354
904	3246
5227	129
5227	1362
5227	564
5227	3246
5227	977
5227	3902
5227	961
5227	3326
5227	2764
5227	3345
4252	761
1297	5567
1297	3810
5567	3810
4299	1620
1071	5224
1071	3471
5224	3932
5224	4939
5224	4756
5224	3979
5224	1331
5224	4490
5224	1959
5224	569
5224	1608
5224	141
5224	3264
5224	3651
5224	469
5224	4492
5224	3192
5224	3396
5224	1095
5224	3560
5224	3571
5224	4384
5224	301
5224	3637
5224	122
5224	182
5224	4050
5224	1636
5224	2419
5224	2817
5224	857
5224	4056
5224	180
5224	4697
5224	2696
5224	3375
5224	465
5224	1136
5224	161
5224	3835
5224	1185
5224	4280
5224	214
5224	3471
5224	4712
5224	4925
5224	2462
5224	1074
5224	1317
5224	3333
5224	5038
5224	915
5224	3980
5224	2407
5224	236
5224	768
5224	3891
5224	2648
5224	3344
5224	3478
5224	3508
5224	3955
5224	2303
5224	1675
5224	132
5224	4570
5224	1799
5224	283
5224	962
5224	1175
5224	596
5224	1192
5224	3657
5224	4238
5224	3044
5224	3074
5224	2325
5224	2297
5224	3372
5224	2848
5224	1469
5224	2282
5224	4581
5224	728
5224	3649
5224	3783
5224	1582
5224	4860
5224	1980
5224	205
5224	3374
5224	4324
5224	1386
5224	1861
5224	2491
5224	1401
5224	4575
5224	1278
5224	1878
5224	4690
5224	2691
3022	5183
3022	731
5183	1745
5183	3750
5183	2197
5183	517
5183	3027
5183	396
5183	692
5183	4098
5183	1254
5183	731
5183	54
5183	1448
5183	4024
5183	1208
5183	3149
5183	4484
5183	827
5183	2756
894	3233
1244	5152
1244	4820
5152	1853
5152	3094
5152	2713
5152	67
5152	146
5152	4661
5152	159
5152	1002
5152	12
5152	3735
5152	3454
5152	3371
5152	3048
5152	4076
5152	4951
5152	749
5152	5064
5152	2154
5152	2184
5152	777
5152	4779
5152	1637
5152	481
5152	279
5152	1060
5152	2365
5152	4181
5152	126
5152	2210
5152	4720
5152	2323
5152	2457
5152	3483
5152	4820
5152	4326
5152	2308
5152	1376
5152	1229
5152	2285
5152	199
5152	1012
1508	5607
1508	4122
5607	4122
5607	864
5607	2106
5607	5088
1298	3811
1298	5568
3811	5568
3932	1386
1217	4640
1217	3689
1217	5550
4640	5550
311	2503
311	5308
531	2772
531	5322
2772	5322
4113	1505
1213	4882
1213	3683
1213	5710
1213	3684
4168	1537
1859	5684
1859	4686
5684	4686
1113	3542
1113	3533
1113	3535
1113	3539
1113	3541
1113	3532
3449	1057
5521	1057
1299	3812
1853	4661
287	5529
287	3553
287	2466
287	2910
287	4027
5529	3553
5529	4169
5529	1538
95	2735
95	4655
95	5207
95	3465
95	5231
95	2798
95	3733
95	5145
95	2246
95	3669
95	4652
95	3464
95	5681
95	4656
95	3734
95	4937
95	3591
95	5546
2735	5186
989	5499
3357	5499
1860	5685
1860	4688
1860	4687
5685	4688
996	3365
996	3387
996	3444
3365	5178
867	5466
867	3202
109	2261
109	5215
109	2260
2261	5215
3952	5583
3952	1399
5583	1399
908	3252
3252	5451
4497	5154
5154	3079
5154	3309
5154	1902
5154	3886
5154	14
5154	612
5154	2820
5154	2865
5154	947
5154	2156
5154	121
5154	2831
5154	447
5154	1752
5154	4747
5154	100
5154	3860
350	2549
690	5424
690	2968
5424	2968
503	5189
503	2741
5189	3864
5189	4456
5189	4948
5189	69
5189	729
5189	2015
5189	3712
5189	2741
5189	30
5189	1041
5189	2212
5342	726
5342	3015
5342	384
5342	3311
5342	3460
5342	1587
5342	3616
5342	4246
5342	1159
5342	949
4086	5602
1172	3632
1172	5730
1172	5576
1172	3884
1172	5395
1172	5357
4875	5395
1276	5341
1276	3781
1276	3780
5341	1493
5341	316
5341	2790
5341	2673
5341	546
5341	1602
5341	380
5341	3782
5341	4208
5341	4606
5341	1034
5341	3416
5341	3780
5341	4206
5341	1036
5341	734
5341	2584
5341	3610
5341	3414
5341	4268
5341	1277
5341	3774
5341	556
5341	1156
5341	4828
5341	4051
5341	309
5341	4092
5341	3164
5341	3781
5341	3858
5341	1821
1313	3831
1313	5155
3831	5155
1388	5582
1388	3939
1388	3942
1388	3935
5582	3936
5582	2004
5582	3939
5582	3941
5582	1387
5582	4929
5582	3935
2035	4984
2035	5731
4984	5731
824	4323
3945	1392
3559	5364
3559	1127
5364	1094
5364	3668
5364	1201
5364	1150
5364	2683
5364	1044
5364	4420
5364	3426
5364	457
5364	3599
1212	3681
2238	5200
5200	165
5200	89
5200	4257
5200	1593
1883	4720
5233	2302
5233	233
5233	4582
5233	140
5233	4657
5233	3201
5233	866
5233	3714
5233	3664
5233	5118
3820	665
3960	5299
3960	603
5299	910
5299	2654
5299	289
5299	434
5299	1409
5299	2469
5299	956
5299	603
5299	3966
1995	5213
1995	4911
1995	4910
5213	5069
5213	2255
5213	4405
5213	3877
5213	2604
5213	4812
5213	4403
5213	3403
5213	4371
5213	4797
5213	3488
5213	393
5213	1053
5213	2690
5213	167
5213	4946
5213	3550
5213	1685
5213	114
5213	3401
5213	3050
5213	836
5213	3878
5213	1434
5213	1083
5213	2750
5213	123
5213	2603
5213	751
5213	1941
5213	1456
5213	4945
5213	511
5213	4340
5213	464
5213	4796
5213	3685
5213	3404
5213	3608
5213	4034
5213	2955
5213	209
5213	2331
5213	2495
5213	4911
5213	1137
5213	305
5213	1214
4823	449
3167	840
1289	4004
1289	5009
1289	5011
1289	5010
1289	3798
2281	121
3843	5537
3843	1322
5537	3603
5537	1652
5537	4347
5537	1152
5537	1693
5537	4414
4408	1688
2019	4955
2239	90
5201	1896
5201	1439
5201	2650
5201	1562
5201	2512
5201	1260
5201	2946
5201	4981
5201	4200
5201	5045
5201	3440
5201	5101
5201	2578
5201	4275
5201	4013
5201	3758
5201	90
5201	120
5201	318
5201	4254
5201	2034
5201	3875
5201	2698
5201	1093
5201	2353
5201	2577
5201	182
5201	5046
5201	4844
5201	674
5201	2524
5201	4152
5201	212
5201	2677
5201	3586
5201	4736
5201	223
1419	3985
5282	244
5282	1268
5282	1417
5282	5094
5282	3770
5282	3985
5282	1237
5282	182
5282	2417
5282	3726
9	2151
9	5149
2151	5149
119	3972
119	5222
3972	5155
2973	5425
2973	694
5425	694
681	2958
1323	3844
593	2845
593	5406
2845	5406
71	2391
71	5136
71	5272
71	5195
71	5162
71	5210
71	2962
71	4768
71	5212
71	3723
71	5157
71	5225
2391	5272
1868	4699
1868	5267
4699	5267
5180	4145
5180	4958
5180	1527
5180	5103
5180	516
5180	3977
5180	4220
5180	2781
5180	4933
5180	4271
5180	1623
5180	682
5180	1525
5180	50
5180	1900
5180	1617
5180	4633
5180	2613
5180	1206
5180	3288
5180	212
5180	3752
5180	1536
5180	4921
5180	5115
5180	2192
5180	3299
5180	3316
5180	2567
5180	3380
5180	1081
5180	815
5180	2007
5180	4636
5180	3674
5180	1839
5180	4151
5180	2133
5180	4635
5180	3983
5180	4632
5180	4534
5180	132
5180	2001
5180	4630
5180	2320
5180	1571
5180	4741
5180	4634
5180	366
5180	2538
5180	4166
5180	537
5180	954
5180	1273
5180	2959
5180	341
5180	1105
4569	646
1361	5277
1361	3901
5277	2668
5277	2400
5277	1038
5277	3901
5277	2020
5277	447
2112	5096
1840	4637
1840	5672
4637	5672
5185	3511
5185	4586
5185	4265
5185	1491
5185	3701
5185	4184
5185	1432
5185	2856
5185	4329
5185	1449
5185	1836
5185	1662
5185	3258
5185	2679
5185	3667
5185	4578
5185	1223
5185	4976
5185	2096
5185	455
5185	2907
5185	783
5185	4031
5185	3199
5185	1200
5185	1151
5185	3388
5185	3448
5185	1013
5185	4212
5185	3816
5185	4629
5185	1332
5185	4272
5185	3116
5185	157
5185	3484
5185	574
5185	3833
5185	4889
5185	1251
5185	2733
5185	911
5185	2586
5185	2335
5185	3593
5185	3197
5185	3099
5185	4591
5185	1809
5185	4834
5185	3348
5185	1837
5185	3840
5185	4966
5185	2201
5185	3644
5185	862
5185	3857
5185	1626
5185	3110
5185	4415
5185	496
5185	1805
5185	5073
5185	2029
5185	2823
5185	1801
5185	1648
5185	2840
5185	579
5185	1035
5185	4362
5185	839
5185	4592
5185	3166
5185	2785
5185	3415
5185	1550
5185	1735
5185	2657
5185	541
5185	96
5185	3100
5185	171
5185	588
5185	2855
5185	605
5185	1080
5185	1759
5185	4339
5185	4473
5185	497
5185	3745
5185	1514
5185	58
5185	980
5185	2200
5185	2830
5185	782
5185	3411
5185	4090
5185	793
5185	1012
5185	646
5185	1604
5185	1808
5185	1321
5185	797
5185	4307
1057	5689
5689	4717
650	2912
755	5238
755	3057
5238	404
5238	604
5238	342
5238	1662
5238	538
5238	632
5238	2969
5238	2782
5238	2978
5238	3057
5238	2616
5238	2889
5238	2857
5238	4407
5238	697
5238	1772
5238	1131
5238	150
5238	4533
5238	691
399	4373
399	2611
399	5283
399	4841
399	3866
399	5573
3511	839
242	5247
242	2414
5247	653
5247	5053
5247	3663
5247	1196
5247	166
5247	2414
5247	832
5247	2917
5247	831
5247	652
5247	2919
5247	2330
5247	2081
5247	3154
944	3304
944	5491
3304	5491
1204	3672
3672	5462
4754	5695
4754	1908
5695	1908
2716	32
5210	3723
5210	32
5210	509
5210	643
5210	1533
5210	4111
5210	3498
5210	2904
5210	3089
5210	3630
5210	3151
5210	1531
5210	829
5210	101
5210	235
5210	2747
5210	4160
5210	3724
5210	1504
5210	1008
5210	4158
5210	772
5210	4495
5210	3639
5210	3918
5210	3382
5210	2252
1841	4638
302	5261
5261	192
5261	1022
5261	3398
5261	4211
5261	4209
5261	3894
5261	1525
5261	2357
5261	495
5261	2492
5261	206
5261	4983
5261	947
5261	3795
5261	3491
5261	2069
1473	4062
4062	5158
893	5473
893	3232
5473	3232
3975	1414
1413	5338
1413	3974
1413	4000
5588	3974
1193	3659
1193	4745
2010	4940
1963	4865
4865	5229
83	5195
83	2231
5195	247
5195	1158
5195	2444
5195	2087
5195	3994
5195	5061
5195	3613
5195	1655
5195	4350
5195	3111
5195	4003
5195	389
5195	1515
5195	1132
5195	2420
5195	1430
5195	270
5195	5136
5195	794
5195	1424
878	5144
1152	3603
4939	122
3079	121
3607	5539
3607	1154
5539	2083
5539	5055
5539	1154
5539	4786
4722	5226
4722	1885
5226	2719
5226	1885
5226	3260
5226	485
5226	2288
5226	128
163	2451
163	5290
163	2327
163	5245
317	2511
317	5313
317	2510
317	5312
2509	5312
2977	696
126	3325
126	4253
126	4576
126	4926
126	2286
126	3254
126	5178
126	2455
1642	5187
5187	2204
5187	478
5187	1125
5187	716
5187	335
5187	4203
5187	510
5187	61
5187	842
5187	3556
5187	259
5187	3003
5187	1864
5187	2920
5187	2737
5187	2531
5187	270
5187	736
5187	698
5187	953
5187	3031
5187	1564
5187	1888
5187	451
5187	2980
5187	3589
5187	2748
5187	4617
5187	3393
5187	4694
5187	2433
5187	560
5187	3170
5187	1018
5187	3315
5187	4243
5187	499
5187	4726
5187	1144
4352	1656
5284	1351
5284	1398
5284	4110
5284	1656
5284	1503
5284	2427
5284	2619
5284	254
5284	5052
5284	3890
819	3430
819	5700
819	3265
819	5326
819	5451
819	5479
819	4799
819	3140
819	4046
3430	5451
4680	5229
4680	52
5229	3437
5229	1121
5229	634
5229	257
5229	1334
5229	3861
5229	2891
5229	3587
5229	3551
5229	52
5229	3590
5229	2800
519	5267
5267	1396
5267	4104
5267	3510
5267	3949
5267	4232
5267	1397
5267	1097
5267	2095
5267	3628
5267	5071
5267	1342
5267	3950
5267	2377
5267	210
5267	1168
5267	1500
1540	4171
1585	4244
1585	5157
4244	5157
4806	5225
5225	2824
5225	2077
5225	1202
5225	419
5225	4487
5225	4334
5225	2101
5225	2761
5225	1952
5225	575
5225	349
5225	1241
5225	543
5225	5079
5225	1482
5225	3670
5225	2757
5225	2787
5225	3523
5225	518
5225	1948
5225	4079
5225	1680
5225	1893
5225	4394
5225	4188
5225	4837
5225	5048
5225	2962
5225	1108
5225	1553
5225	4827
5225	127
5225	1085
84	5196
84	2232
84	2672
5196	2232
5196	3152
5196	830
5196	4813
5196	1697
5196	1942
772	3089
392	5312
392	2602
5312	1925
5312	4085
5312	2510
5312	1488
5312	2602
5542	3641
3600	5536
3600	1027
194	4918
194	4590
194	5262
194	2681
4918	5671
1011	5177
1011	3969
1011	3385
5177	2071
5177	149
5177	2953
5177	1135
5177	4888
5177	1978
5177	2257
5177	5037
5177	4011
5177	814
5177	1742
5177	4290
5177	1838
5177	3969
5177	2949
5177	4218
5177	1570
5177	2334
5177	2185
5177	4631
5177	2098
5177	3135
5177	3569
5177	4412
5177	676
5177	344
5177	5076
5177	3203
5177	868
1694	4416
933	5486
933	3290
5486	3290
5486	3539
5486	3533
5486	3535
5486	3537
5486	3542
5486	3532
2163	5160
5160	2704
5160	473
5160	2340
5160	1712
5160	584
5160	4439
5160	265
5160	791
5160	2439
5160	176
5160	1364
5160	4653
5160	1850
5160	3108
5160	3904
5160	3291
328	2523
328	5292
2523	5292
2771	5388
2771	530
5388	530
658	2923
658	2925
2923	5419
1476	4193
1476	4066
2267	111
5217	111
5217	2456
243	2415
243	5191
2415	5191
1122	3552
1122	5323
3552	5323
976	5484
976	3343
976	5478
5484	2038
5484	4052
5484	4891
5484	508
5484	4987
5484	3558
3238	5268
3238	899
5268	212
5268	4883
153	3690
153	2315
153	5240
153	3622
153	5551
1912	4760
1912	5324
4760	5324
559	4149
559	5234
1904	4749
4564	5404
4564	1121
5404	1006
5404	1366
5404	2839
5404	3378
1239	3728
1239	5561
3728	5561
929	5372
5372	2709
5372	3284
5372	4204
5372	4023
5372	471
934	3293
5487	3293
1682	5646
1682	4396
5646	1683
5646	4397
659	2924
1734	5656
1734	4472
5656	4472
1702	4426
2816	568
5111	2120
44	4048
44	5178
44	2186
1447	4022
3132	17
1957	4858
669	2937
669	5420
669	2940
2318	5155
5155	1956
5155	4381
5155	132
5155	945
5155	2448
5155	4398
5155	4666
5155	4251
5155	3306
5155	873
5155	4468
5155	1092
5155	741
5155	2408
5155	3038
5155	2727
5155	15
5155	2157
5155	294
5155	3581
5155	156
5155	3598
5155	4422
5155	3615
5155	3692
5155	4718
5155	3281
5155	4616
5155	3988
5155	5014
5155	3209
5155	2751
5155	182
5155	3856
5155	3624
5155	2585
5155	1672
5155	3
5155	20
5155	2481
5155	512
5155	3373
5155	4857
5155	623
5155	3282
5155	4755
5155	4295
5155	1881
5155	1909
5155	3033
5155	385
5155	1730
5155	3933
5155	2590
5155	1149
5155	23
5155	223
449	2774
449	4815
449	4819
1240	3729
1646	4336
2463	284
745	3112
745	3042
3497	251
5080	665
186	5220
186	2350
5220	3997
5220	116
5220	3335
5220	1426
5220	879
5220	2350
5220	4260
5220	969
5220	2338
5220	4516
734	5434
5434	3425
5434	1043
5434	3438
5434	3026
5434	1051
4331	1641
4928	1889
1451	4028
2624	5346
2624	410
5346	3150
5346	822
5346	828
5346	3143
5346	3141
5346	410
68	3912
68	2211
68	4674
68	3748
68	2692
68	3794
1137	3572
1403	3957
3957	5585
3105	788
67	2761
67	5167
67	5367
67	3231
67	2320
67	5186
67	5428
67	2650
67	3818
67	4779
67	5472
67	2210
67	4270
4769	1917
1021	3397
1021	5191
3397	5191
3082	5443
3082	182
5443	3076
5443	4947
5443	4121
5443	3080
5443	3078
5443	4119
5443	4117
5443	769
5443	3083
5443	3081
5443	771
5443	4116
5443	3075
5443	770
1406	3962
4552	5178
5178	4752
5178	1574
5178	2753
5178	776
5178	4867
5178	948
5178	3322
5178	859
5178	2447
5178	52
5178	3803
5178	2626
5178	4282
5178	412
5178	442
5178	1438
5178	691
5178	474
5178	4012
5178	4225
5178	2194
5178	2639
5178	2294
5178	1556
5178	2952
5178	4802
5178	3325
5178	3093
5178	1965
5178	3310
5178	132
5178	4266
5178	2663
5178	2208
2625	5347
2625	411
4810	5702
5702	1222
3134	5453
3134	813
5453	813
3054	717
5344	398
5344	583
5344	4715
5344	230
5344	2610
5344	4507
5344	3047
5344	3256
5344	214
5344	717
3470	1070
5259	458
5259	2008
5259	1231
5259	812
5259	2360
5259	4480
5259	3133
5259	4934
5259	2684
5259	2354
5259	1211
3753	5202
3753	1256
5202	2240
5202	4393
5202	91
5202	1256
5202	3206
5202	3208
5202	2242
2009	4935
2009	5726
4935	5726
471	2701
471	5158
471	4102
2701	5158
144	2306
144	5235
2306	5235
383	2588
1668	4376
2493	303
3417	5512
3417	1037
5512	3847
1045	5151
1045	3427
1045	3429
5151	3881
5151	1467
5151	2587
5151	3428
5151	1489
5151	4088
5151	2153
5151	644
5151	3429
5151	3427
5151	4553
5151	53
5151	4221
5151	11
5151	4053
244	2543
244	2417
244	5324
5451	3126
5451	1155
5451	4046
5451	3227
5451	890
5451	4164
5451	807
5451	4045
5451	3609
4500	5661
4500	1755
5661	1918
5661	2014
5661	4771
5661	1887
5661	1755
5661	4725
5661	4944
422	5325
422	2637
422	2975
5325	1284
5325	2544
5325	3643
5325	461
5325	3339
5325	316
5325	1181
5325	2637
5325	3789
5325	1769
5325	973
5325	3268
1788	4557
1788	5333
4557	5333
702	2984
2122	5113
2122	5322
108	2259
705	2989
2732	496
298	2485
298	2487
298	2951
298	5271
298	5218
298	3592
298	4355
298	2490
298	4808
2485	5271
3071	5405
5405	4308
5405	636
5405	1082
5405	590
5405	1627
5405	2134
3495	5324
5324	1458
5324	4936
5324	4540
5324	4574
5324	485
5324	517
5324	781
5324	1777
5324	3342
5324	879
5324	113
5324	3229
5324	398
5324	492
5324	4300
5324	1088
5324	1273
5324	4560
5324	3221
5324	1086
5324	988
5324	1084
5324	1248
5324	3098
5324	3777
5324	3319
5324	318
5324	3496
5324	2664
5324	3494
5324	680
5324	1310
5324	3130
5324	1191
5324	3656
5324	4233
5324	4037
5324	2728
5324	1087
5324	885
5324	2543
5324	891
5324	3356
5324	3490
5324	957
5324	1617
2630	416
4097	5249
4097	1498
5249	1645
5249	1498
5249	2333
5249	1554
5249	667
5249	169
5249	4335
5249	578
1284	3789
1053	3443
1053	4945
1053	5519
1053	4946
1053	3441
3443	5519
49	2191
3565	5159
3565	618
5159	2658
5159	19
5159	1073
5159	3008
5159	1252
5159	2161
5159	2898
5159	618
5159	1072
5159	3475
5159	4959
5159	176
5159	3746
5215	835
5215	4743
5215	403
5215	401
5215	2615
5215	540
5215	2760
5215	2260
5215	3161
5215	521
5215	2784
5215	4798
5215	4047
5215	3136
885	3885
2195	5182
2195	53
5182	2393
5182	2521
5182	2985
5182	118
5182	1510
5182	644
5182	2903
5182	2394
5182	2986
5182	2277
5182	2275
5182	2905
5182	53
5182	326
5182	5060
5182	2276
299	2486
3675	1207
5147	1099
5147	352
5147	2551
5147	3413
5147	4622
5147	3066
5147	2930
5147	1157
5147	3686
5147	1830
5147	1411
5147	8
5147	717
5147	4312
5147	762
5147	1207
5147	583
5147	3970
5147	664
5147	4811
5147	3611
203	2369
203	5203
4893	1982
5713	1982
895	3234
2064	5027
2064	5212
5027	5212
2204	61
251	2424
1382	4670
1382	4676
1382	4678
1382	3928
1382	4671
1382	4675
886	5400
5400	3222
5400	4695
5400	2827
5158	1146
5158	4792
5158	688
5158	1425
5158	18
5158	2966
5158	1753
5158	14
5158	3473
5158	1472
5158	2160
5158	3595
5158	4438
5158	2880
5158	4498
5158	492
5158	3370
5158	1931
5158	1001
5158	3996
5158	3072
859	5321
859	3194
859	3827
859	4568
532	2773
532	5338
1756	4502
1756	5412
4502	5412
3173	844
4894	1983
5714	1983
896	3235
114	2596
114	5290
114	2270
114	5538
114	5219
114	2595
285	5296
285	2464
5296	2464
1300	3813
1300	5191
3813	5191
566	2814
720	5191
3009	5191
640	2900
640	5321
2900	5321
3625	5363
447	5331
447	5392
447	5018
447	3601
447	2820
5331	2557
5331	356
5331	883
5331	3601
1511	5610
1511	4125
1301	3814
674	4061
674	4152
674	2946
5519	3441
4430	435
5435	435
5435	3028
5435	1854
2023	4967
2023	5493
4967	5493
1304	5355
3819	5355
5272	4102
5272	3323
5272	230
5272	918
5272	1565
5272	3036
5272	5039
5272	3711
5272	4892
5272	256
5272	3147
5272	1333
5272	4207
5272	397
5272	2072
5272	3756
5272	614
5272	4016
5272	946
5272	874
5272	3716
5272	4546
5272	3769
5272	740
5272	1981
5272	2609
5272	89
5272	3859
5272	3710
5272	760
5272	3210
3899	1359
438	2658
425	3771
425	5439
3771	5439
3836	1318
1715	4442
121	2280
121	3322
121	4514
121	2642
121	3128
121	4282
121	5351
2707	5370
2707	476
5370	924
5370	4997
5370	254
5370	3277
2864	611
3741	5218
3741	1248
5218	4099
5218	4482
5218	4410
5218	23
5218	406
5218	3084
5218	1743
5218	2269
5218	2618
5218	4904
5218	113
5218	2425
5218	1248
5218	3592
5218	252
2024	4968
2024	5715
4968	5715
3502	5461
3502	1091
5461	2016
5461	1007
5461	3381
5461	848
5461	1091
5461	3180
2096	5073
459	2685
450	3030
450	2673
4605	1820
2027	4973
1716	4443
1716	5428
4443	5428
4655	5231
4365	843
1192	4931
1192	5725
1192	3657
4931	5725
1825	4615
182	3379
182	2475
182	2468
182	2710
182	5719
182	3581
182	5279
182	5094
182	2470
182	5712
182	4907
182	2472
182	2835
182	4909
182	3875
182	5373
182	2474
182	2476
182	2698
182	5034
182	5298
182	5720
182	2346
182	2555
182	4697
182	3892
182	2471
182	4398
182	4666
182	4908
182	2473
182	3078
182	4488
182	3973
4100	946
892	3230
1828	4620
4620	5246
2240	91
1557	5209
5209	2579
5209	376
5209	2250
5209	98
5209	3834
5209	2580
5209	4192
1075	4913
1075	5245
1075	5392
1075	3906
3479	5392
547	2791
435	5345
435	2655
2055	5399
5013	5399
1330	3852
2241	92
5203	3731
5203	3410
5203	679
5203	3521
5203	4321
5203	202
5203	3276
5203	628
5203	4409
5203	1031
5203	1242
5203	2956
5367	4154
5367	940
5367	466
5367	2693
5420	2939
5420	1324
5420	2940
5420	2938
5420	3845
4360	5204
5204	935
5204	3477
5204	506
5204	2343
5204	1494
5204	4093
5204	2948
5204	179
5204	2571
5204	370
683	5422
2960	5422
138	2300
595	2847
3358	841
3437	634
1471	4058
1344	3874
1458	4059
1458	4037
1458	5597
1956	4857
404	2616
478	3255
478	2709
1220	5554
3695	5554
1174	3634
1475	4064
4064	5153
1420	5446
1420	4319
1420	3986
5446	4318
5446	3986
5446	774
5446	4319
5326	3883
4469	5497
5497	4535
5497	1104
5497	3518
5497	1773
5497	1731
1101	3515
1937	5672
1937	4803
1937	4804
5672	1810
5672	4593
5672	4804
3979	469
4381	1672
143	4793
143	2305
1634	5634
1634	5132
1634	4317
1121	3837
1121	3551
1121	5303
982	3350
982	5276
5687	4705
1331	3855
4421	1699
1512	4126
1351	3890
642	2902
5416	3744
5416	1943
5416	2902
5416	4567
5416	4814
480	5354
480	5686
480	2712
480	3519
480	4438
5354	4724
5354	4007
5354	4531
5354	2652
5354	432
5354	1886
5354	1433
1052	3439
903	5191
903	3245
5191	2617
5191	599
5191	1578
5191	2421
5191	269
5191	3245
5191	2217
5191	248
5191	1123
5191	3554
5191	4742
5191	2443
5191	3808
5191	2620
5191	2435
5191	2703
5191	483
5191	1296
5191	5000
5191	72
5191	1754
5191	5083
5191	2048
5191	1901
5191	4402
5191	1686
5191	3359
5191	603
5191	407
5191	405
2164	22
774	3091
1926	5698
1926	4785
1390	3940
3409	1030
1849	5680
1849	4651
5680	4651
385	3624
385	2590
385	3373
385	3033
1588	4247
1588	5625
4247	5625
2374	207
2165	5162
5162	3619
5162	4493
5162	23
5162	1162
550	2794
550	5395
2794	5395
408	3793
408	2622
408	4689
1818	5463
5463	4602
5463	3242
5463	3187
5463	852
5463	3243
5463	3244
4303	1622
4288	5462
4288	1613
5462	1613
5462	4289
5462	3184
1603	4269
818	5454
3139	5454
117	2274
117	4464
117	5398
2364	198
5264	198
554	2800
554	3241
5322	2535
5322	3757
5322	1593
5322	339
5322	1225
5322	3705
5322	4595
2713	481
120	2279
120	2677
120	4254
120	2353
120	4275
120	2524
120	5223
120	5101
120	2578
2279	5223
2262	5216
2262	110
5216	2405
5216	2265
5216	2263
5216	2264
5216	4646
4724	1886
2254	5212
2254	103
5212	3308
5212	502
5212	4349
5212	4979
5212	1654
5212	2740
5212	3862
5212	633
5212	5001
5212	103
5212	2032
5212	2049
5212	1138
5212	1600
5212	2890
1242	3731
810	4074
1376	4714
1376	3922
1376	5345
1376	5580
4714	5345
281	4856
281	5058
281	4477
281	5460
281	5616
281	5704
281	3172
281	5059
281	2459
281	5294
281	3169
4856	5704
5700	4799
935	3477
935	3294
578	4325
578	4580
578	5515
578	4835
578	4876
578	5635
578	5670
578	3424
578	3963
4325	5635
920	3271
3271	5482
3678	1209
5245	4817
5245	3906
5245	1209
5245	4913
5245	1109
5245	1601
5245	2327
5245	4818
5245	4816
5245	4267
5245	1945
1154	4786
1154	4776
1154	4782
2045	4994
4994	5733
837	4852
837	3163
837	4522
837	4524
837	4854
837	4526
837	4847
837	4849
837	4521
837	4851
837	4523
837	4525
837	4848
601	2853
601	5408
3476	5375
3476	487
5375	1147
5375	396
5375	4794
5375	4432
5375	4081
5375	3636
5375	1484
5375	2721
5375	3321
5375	537
5375	3596
5375	2770
5375	1932
5375	1308
5375	487
5375	3825
5375	1707
2119	5109
924	3277
924	5562
924	3762
924	5075
2743	5381
2743	505
5381	505
759	4787
759	5193
759	3061
4787	5193
602	5409
2854	5409
2412	5281
5281	240
4418	1696
693	2972
4881	1974
3309	947
2704	473
3669	5546
4167	96
4805	5701
4805	254
3129	5452
3129	809
713	3000
732	3457
732	4510
732	3024
3457	5523
1048	3434
1048	5517
1518	4137
1518	4138
132	3063
132	3703
132	2700
132	4378
132	2447
132	4534
132	4802
132	2952
132	2448
132	2294
132	3704
132	2648
5246	884
5246	2385
5246	3228
5246	1293
5246	1785
5246	3805
5246	4880
5246	214
5246	274
5246	2328
5246	2381
5246	4610
5246	1973
5246	583
5246	217
5246	4551
5246	164
2124	5115
509	2747
2976	403
717	3450
717	3584
717	4312
717	5409
717	4311
3450	5409
5276	1105
5276	2398
5276	5106
2315	5240
5240	3622
1019	5478
5478	3262
2307	145
5236	711
5236	145
5236	4447
5236	2998
5236	254
1288	3796
1288	5428
3796	5428
3171	843
111	2680
111	5361
111	4648
124	2284
321	3635
321	2515
321	5314
3635	5314
4752	474
4895	5715
4895	1984
5715	1984
85	2233
2753	514
1977	5711
5711	4885
899	3982
1094	3505
139	2301
945	3306
238	2410
238	5280
2410	5280
78	2226
2601	391
1167	3627
1167	3823
2084	5056
2084	5744
2084	5099
5056	5744
1525	5321
1525	4351
1525	4209
1525	4211
1525	4983
1525	4145
5321	2534
5321	3194
5321	1455
5321	706
5321	4033
5321	3865
5321	338
5321	4770
5321	4568
5321	4351
5321	1081
5321	2991
5321	1765
5321	3485
5321	1337
1918	4771
1041	4454
1041	4456
1041	3422
1233	5558
1233	3719
5558	3982
5558	3719
979	3347
1147	3596
1491	4090
3555	1124
146	2308
4580	5670
1168	3628
3323	959
3922	5580
1280	5266
1280	3785
5266	931
5266	567
5266	2815
5266	167
5266	4537
5266	3967
5266	1153
5266	1768
5266	3286
5266	4527
5266	3604
5266	860
5266	209
2502	17
347	5327
347	2546
5327	1263
5327	3764
5327	2546
2909	648
2513	319
3242	902
1718	4445
4445	5652
3638	5283
3638	1176
5283	4479
5283	394
5283	3579
5283	2606
5283	1740
5283	729
5283	2121
5283	1023
5283	2862
5283	2021
5283	448
5283	5112
5283	4963
5283	4612
5283	2422
5283	1140
5283	2611
5283	2669
5283	3020
5283	3399
5283	1824
5283	609
5283	249
792	3109
572	2821
572	4707
572	5395
646	3524
646	4031
646	5139
32	2597
32	4900
32	3562
32	3157
32	5594
32	3159
32	4041
1444	5490
1444	4975
1444	4019
5490	3302
5490	4975
5490	942
3142	821
2665	5307
2665	444
5307	2574
5307	373
5307	310
5307	2501
230	3487
230	4507
1332	3857
5081	5186
5081	2102
5186	262
5186	4700
5186	2870
5186	3868
5186	4956
5186	1078
5186	2202
5186	2436
5186	4744
5186	2102
5186	3818
5186	576
5186	214
5186	3482
5186	212
5186	617
1146	3595
843	4363
843	3289
843	3766
843	3183
843	3909
843	5024
843	3658
1460	4042
1460	5595
4042	5595
2444	270
3619	1162
4609	5492
4609	955
5492	955
3839	1320
1463	4047
619	2872
1923	5609
1923	4781
5609	4123
5609	4781
5609	1509
1102	3516
1102	5442
3516	5442
4284	1610
2858	605
918	5481
918	3710
918	3716
918	3711
918	3269
5531	3959
5531	1258
5531	3755
1887	4725
3353	985
4392	5499
4392	1679
5499	1679
395	2607
4002	1429
1888	4726
1196	3663
4274	5628
5628	1605
1826	4618
1637	4326
4099	495
5323	2540
5323	525
5323	1717
5323	2792
5323	548
5323	687
5323	4178
5323	2965
5323	4444
5323	1545
5323	1709
5323	4434
5323	1650
5323	1869
5323	1292
5323	343
5323	4343
639	5340
639	2899
5340	1062
5340	377
5340	2581
5340	3458
1902	4747
240	4660
240	4662
240	4664
240	4105
240	5682
240	2827
240	4659
240	4663
240	5290
240	4665
4660	5682
1065	3462
1065	5524
3462	5524
1268	3770
1692	4413
1542	4173
3797	5538
3998	1427
3486	1082
223	2392
223	3615
223	3586
223	5273
223	3988
223	3856
223	2699
223	4982
223	3440
223	4616
223	3281
2392	5273
1992	4904
4490	915
5733	4995
604	2857
1551	4185
552	2796
1543	4174
185	4950
185	5390
185	2943
185	2349
1546	4179
3379	5300
224	2394
224	2393
1894	5271
1894	4732
5271	4391
5271	4808
5271	4261
5271	1677
5271	2490
5271	4732
5271	3925
5271	2488
5271	2780
5271	4387
5271	536
5271	1379
5271	2997
5271	2582
5271	2406
5271	375
5271	2951
5271	4143
5271	222
5271	1597
5271	2487
5271	2734
5271	378
5271	4390
5271	861
5271	357
820	3141
1115	3543
4535	1773
553	2797
3824	1307
1188	3653
3653	5460
3701	1223
1493	4385
1493	4092
4663	5682
5682	4659
5682	4662
1905	5694
1905	4750
4792	1931
420	4604
420	5675
420	2634
420	5348
4604	5675
3997	1426
1189	3654
6	5144
6	2147
5144	3487
5144	2389
5144	3332
5144	2144
5144	2268
5144	3
5144	3320
5144	112
5144	2147
5144	966
833	4364
1837	4629
3156	832
1611	4286
1611	5352
4286	5352
1076	3480
4838	1953
2017	5728
2017	4953
262	2436
4969	5730
1829	5677
1829	4621
776	3093
603	2855
603	2856
603	4406
3626	5541
3626	1166
5541	1798
5541	1166
5541	4572
4333	1643
4540	1777
852	3187
4503	1757
3314	5311
3314	952
5311	2507
5311	315
5311	3421
5311	1040
5311	3420
1092	4251
1092	3503
3864	30
157	2319
157	4415
157	4966
4007	1433
1007	3381
396	2608
214	4956
214	2382
214	4700
214	2381
1578	4230
570	2818
469	2696
469	3980
469	3573
4746	5693
5693	368
2534	338
1050	3436
1125	3556
874	3210
1787	5163
1787	4555
5163	1381
5163	2166
5163	4555
5163	24
1369	5175
1369	3914
5175	40
5175	3914
507	3453
507	5008
507	4679
507	4065
2535	339
884	3220
884	4645
884	5014
884	3692
884	3507
884	5471
1941	4812
2527	5318
2527	331
5318	331
1700	4423
1700	5648
2219	74
875	3211
875	5468
3211	5468
1054	3442
1054	5520
3442	5520
1561	5345
1561	4199
5345	4239
5345	4118
5345	4199
5345	1319
5345	1651
5345	4344
5345	400
5345	630
5345	1507
5345	2612
5345	2655
2251	100
94	4073
94	2245
94	5599
94	4072
94	3064
5206	3064
4871	1968
4876	5515
5515	3963
5515	3424
2511	5313
23	4532
23	4734
23	3933
23	3983
1973	4880
89	2237
89	3576
1945	4818
516	3299
516	4630
516	4302
516	4632
516	4634
516	4231
516	4633
516	5460
516	5616
3623	5460
4368	5639
4368	1664
5639	1664
5207	2246
2181	39
1593	4595
1593	4257
318	2512
318	5030
318	2577
735	3029
655	2920
685	5423
5423	2963
20	2585
20	2162
20	5149
826	3147
2182	40
738	3034
738	5437
3034	5437
2925	5419
4958	1617
955	3317
5032	2067
192	2357
1527	4151
1527	5119
4184	1550
1592	4256
5309	3700
5309	4577
5309	4256
5309	3698
5309	2504
5309	1800
5309	312
5309	3699
5309	1079
5481	3269
4974	2028
739	3035
739	3037
739	5241
739	5438
3035	5241
2097	5747
2097	5074
1099	3513
1479	4614
1479	4070
1479	5292
1479	4069
1093	4844
1093	3504
1436	5592
1436	4010
5592	4248
5592	4010
5592	1589
1687	4404
1687	4461
5428	4015
5428	4809
5428	703
5428	2987
5428	4270
5428	1939
5428	2005
5428	1441
573	2822
3682	5548
5548	19
1086	3493
1086	3496
1959	4860
3313	951
16	2158
1371	4150
1371	3916
4853	5401
4853	1282
5401	1509
5401	581
5401	3787
5401	2110
5401	4281
5401	1282
5401	2832
5401	4733
5401	5093
574	2823
673	2945
3265	5479
1206	3674
140	2302
3188	853
577	2828
577	4153
577	5395
2926	660
1374	5244
1374	3919
5244	4075
5244	2326
5244	4425
5244	2675
5244	3978
5244	1416
5244	162
5244	4258
5244	452
5244	1480
141	2303
141	3594
141	2702
3126	807
569	2817
2113	5097
1662	4407
2071	5037
294	2481
1396	3949
1104	3518
2013	4943
2013	5727
4943	5727
3773	5563
3773	1270
5563	1270
961	3326
881	3217
2458	5293
2458	280
5293	379
4189	1554
229	2400
229	4965
116	2273
51	3662
51	5181
51	2193
199	2365
4735	5422
5422	1895
1439	4013
2459	5294
2927	661
5399	2846
5399	594
5399	562
5399	2810
5399	946
5399	661
5399	3307
5290	4105
5290	2596
2935	5223
2935	115
5223	115
5223	4262
5103	1623
695	2974
695	5041
2706	475
200	2366
3851	1329
5338	2059
5338	1989
5338	5020
5338	4901
5338	2736
5338	1329
5338	374
5338	870
5338	498
780	3097
3240	901
3127	808
1273	4271
1273	4574
1273	3777
2313	151
1639	4328
1639	5636
4328	5636
529	2770
433	2653
433	5355
5084	5431
5084	2104
5431	1487
5431	2104
5431	4084
5431	3506
5431	3006
5431	273
463	3993
463	5653
463	4520
463	2689
3993	5565
4886	5712
5712	4887
2944	672
1425	3996
805	5450
805	3124
2643	5352
2643	427
5352	427
5352	3676
5352	1365
5352	452
5352	3905
1821	4606
931	3286
2507	315
2047	5735
5735	4999
4035	5167
4035	518
5167	2928
5167	2645
5167	3207
5167	2115
5167	919
5167	872
5167	753
5167	30
5167	3270
5167	5100
5167	662
5167	3055
5167	518
5167	2172
1062	3458
4482	1743
1023	3399
1023	4345
4249	1590
381	4834
381	2586
691	3174
691	2969
1191	3656
3522	5526
5526	1107
2248	5208
5208	97
2617	405
1632	5205
1632	4315
5205	93
5205	4315
5205	2244
3412	5511
5511	1033
2038	4987
591	3148
1373	3918
1613	4289
5616	4231
5616	4162
8	2150
8	5148
8	2149
2150	5148
3887	1348
4536	1200
2111	5095
2111	5439
5095	5439
854	3189
854	5464
3189	5464
1839	4636
1492	4091
831	3154
831	3155
5457	3155
205	2371
943	5442
3303	5442
855	3190
489	2724
489	5376
489	5707
2724	5376
4405	1685
1565	4207
3977	1105
309	4828
4767	1916
1090	3501
1915	4764
1202	3670
327	2651
327	4129
327	3583
327	4997
327	2522
327	5357
723	3012
723	5110
902	3243
4369	5640
4369	751
5640	751
316	2508
316	4206
316	3268
4479	1740
4768	5157
5157	17
5157	909
5157	1103
5157	4826
5157	4977
5157	1020
5157	3517
5157	3253
5157	2536
5157	1163
5157	3620
5157	2030
5157	340
5157	1947
5157	2373
4600	1816
1355	3895
2340	176
653	2917
932	5485
932	3287
5485	3287
2710	5373
5373	618
5373	2871
2173	31
5168	31
165	2329
657	2922
657	5339
2922	5339
451	2674
1568	4214
1326	3848
3947	1394
1318	4285
4220	1571
1077	3481
3152	830
939	3298
3578	5533
5533	122
5129	2134
3087	5444
5444	3086
1712	4439
1078	3482
3934	1387
352	2551
352	3292
352	2552
5138	2140
5755	2140
948	3310
18	2160
18	3736
1395	3948
325	5315
325	2520
5315	2520
3410	1031
1405	3961
2711	479
5086	5635
1729	4467
806	5359
806	3125
5359	453
5359	2676
1591	4250
2595	5219
5219	4133
5219	2270
5219	1517
3076	769
4165	254
2547	5328
2547	348
5328	348
382	2587
2795	551
445	5748
445	2666
445	5358
700	2982
502	2740
5107	5516
5107	167
5516	1046
5516	167
5516	3431
4329	1640
3582	5436
3582	546
5436	3131
5436	3499
5436	3889
5436	4370
5436	3406
5436	811
5436	1665
5436	3032
5436	3328
5436	963
5436	1089
5436	546
4320	5365
4320	460
5365	2686
5365	460
2121	5112
963	3328
704	2988
495	2809
495	2731
495	2808
495	5379
2994	5379
883	3219
5595	4485
99	2250
1481	4077
2875	621
421	5349
2636	5349
3220	5471
2453	5292
2453	276
5292	965
5292	418
5292	4069
5292	4071
5292	2632
5292	276
5292	3331
5292	4070
5292	4130
5292	647
5292	2914
5292	2908
177	2341
729	3920
729	3020
729	3712
4782	5697
2135	5131
2135	5211
5131	5211
1855	4668
1855	5683
4668	5683
159	2323
3389	5507
3389	1014
5507	1014
5507	1919
5507	4772
1022	3398
1703	4427
1703	5649
268	5287
268	2442
5287	2442
1449	4025
394	2606
436	2656
1836	4628
3881	644
1745	4484
2779	535
248	2421
248	2621
2562	361
19	2898
19	2161
5339	375
3150	828
4864	5707
835	3161
3691	5471
4561	5669
4561	1791
5669	1791
2661	5303
2661	440
5303	293
5303	440
5303	2480
191	2356
3264	915
3718	1027
1467	4685
4685	5170
2790	546
3651	180
930	4054
1827	4619
149	2311
149	2953
388	2593
388	5337
2593	5337
1003	3372
1003	3374
1003	3375
2726	491
2054	5738
5012	5738
2574	373
3407	5394
3407	1028
5394	5019
5394	549
5394	5047
5394	2793
5394	4626
2152	5150
150	2312
876	3531
876	3212
4948	2015
2928	662
2471	5300
5300	2476
1677	4387
1677	4391
1677	4390
1002	3371
666	2932
129	4822
129	2289
490	2725
490	5377
2679	455
3468	5525
3468	1068
5525	1068
5686	4691
857	3192
5569	993
1487	4084
2199	5142
2199	56
5142	28
5142	2170
5142	2142
5142	1325
5142	1
5142	3846
5142	2573
1016	3391
634	2891
634	3721
1940	4811
220	3251
220	3248
220	4541
220	4833
1581	5623
5623	4237
3186	851
1155	3609
981	3349
981	5498
3349	5498
3799	5337
3799	1290
5337	2109
5337	1290
5337	1164
5337	3772
5337	4566
5337	1269
5337	5092
5337	2572
5337	371
5337	1678
5337	2849
5301	2477
1993	5387
1993	4905
5387	528
5387	4217
5387	1569
5387	2768
5387	4905
725	3014
3014	5257
3295	936
1567	5395
5395	4153
5395	4213
5395	4831
5395	3826
5395	1509
343	2540
1378	3924
4389	113
3987	1421
1389	3937
5468	1676
5468	4386
5468	1059
5468	3452
5468	1434
5468	4008
5468	4044
5468	3455
816	3137
2385	217
1988	4899
1604	4272
453	2676
583	3954
583	2834
583	3461
583	5403
583	3256
583	3995
583	3686
1418	3984
81	2395
81	5141
81	2229
2395	5141
1079	3483
1079	3698
1079	3700
1079	3699
1858	4682
1858	5230
1996	4912
1996	5721
4912	5721
5305	2496
2278	5222
2253	102
5211	5132
5211	102
769	4117
769	3083
769	4947
769	3077
1462	4044
1080	3484
1961	4862
912	5477
912	3259
5477	3259
2018	4954
1555	4190
5681	4652
768	3074
1248	4236
1248	4233
600	2852
600	5407
2852	5407
3929	5581
3929	1383
743	3040
2011	4941
3296	5488
3296	937
5488	937
4032	5593
5593	1454
692	2971
1817	4601
2579	376
542	2786
5363	2967
5363	689
5363	2786
5363	3791
5363	1286
5363	1814
5363	1431
5363	456
5363	4005
1133	5193
5193	4103
5193	512
5193	208
5193	12
5193	3567
5193	2224
2123	5114
508	2746
508	3280
2558	357
4203	1564
4765	1916
1582	4238
4118	1507
423	5350
2638	5350
3413	176
110	2264
110	3225
110	2266
110	3403
110	2263
110	2265
110	3404
4059	5597
3525	1109
2565	364
779	5333
3096	5333
537	5140
537	5608
537	4114
537	2781
537	3636
5140	5608
3274	5483
3274	708
5483	708
4520	5653
5653	1719
424	2639
2468	5298
3667	1200
2109	5092
4578	1801
1657	4353
2082	5054
4052	1466
823	3144
823	5455
3144	5455
1705	4429
133	4683
133	5230
133	2295
4683	5230
2645	429
2083	5055
4075	1480
2086	5060
915	3263
915	4492
273	3759
273	3506
273	5072
273	3006
273	5289
273	5665
273	2449
273	2915
273	4039
273	4296
560	2806
560	4243
3037	5438
563	2811
563	5179
2811	5179
2568	367
5334	367
12	2290
12	2224
12	5228
12	5243
12	4018
517	2913
517	2756
5562	3762
1302	3816
4466	5655
13	2155
5153	1184
5153	4988
5153	2155
5153	3647
5153	4337
5153	180
5153	2039
2025	4970
1665	4370
882	3218
122	4879
122	3396
122	3761
122	4581
122	3547
122	2282
122	5449
4879	5449
1785	4551
1334	3861
2846	594
1416	4425
1416	3978
567	2815
3021	730
1194	5544
1194	3660
5544	3660
699	5426
699	3019
699	2981
152	2314
152	4738
152	2516
152	5239
2314	5239
1474	5598
5598	4063
4573	460
5241	460
5241	2317
5241	1638
5241	4327
5241	155
533	2775
398	4715
398	2610
398	3570
195	5263
1221	3696
1221	4278
3036	740
4976	2029
5398	1889
5398	2809
5398	4727
5398	4163
5398	1907
5398	1786
5398	4464
5398	1535
5398	4026
5398	1450
5398	4554
1749	4489
5658	4489
2548	349
3877	836
1260	3758
3574	1138
3103	5447
3103	786
315	5696
315	2955
315	3401
315	4340
315	4762
5696	4762
1366	3907
1914	4763
5316	2651
5316	2522
5316	3838
582	2833
5402	2833
983	3351
3351	5297
1215	4677
1215	5471
4677	5471
3454	1060
1231	3715
1245	3737
3632	5357
3886	14
368	5335
368	2569
5335	2569
984	3352
52	2322
52	2293
52	2194
52	2537
2916	652
1380	3926
781	3098
546	4582
3207	872
744	3041
675	2947
675	5421
2947	5421
3765	1264
584	2836
3943	1391
5333	1069
5333	1976
5333	4884
5333	3469
5333	2564
5333	363
5333	1792
3849	1327
1187	5419
3652	5419
1259	3757
580	2831
580	3860
1647	4338
1779	5141
1779	4545
5141	3367
5141	2141
5141	2722
5141	998
5141	0
5141	2146
5141	4545
5141	5
1835	4627
409	2623
581	2832
581	4650
873	3209
5035	2069
1314	3832
5571	3832
1509	4831
1509	4733
329	2525
926	3279
1892	4730
400	2612
3871	5574
3871	1341
5574	1577
5574	4229
5574	1341
1111	3527
938	4608
938	3297
4468	1730
2066	5031
5031	5742
1580	4234
1580	4235
2533	5320
2533	337
5320	337
1889	4938
1889	4727
2390	222
5039	2072
1258	3755
1435	4009
1602	4268
2526	330
5317	330
3597	1148
5535	1148
4224	585
5393	1659
5393	1913
5393	4761
5393	4642
5393	557
5393	5021
5393	887
5393	2803
5393	1843
5393	4357
5393	545
5393	3223
93	2244
66	5188
66	2209
66	4146
66	4148
5188	2209
5188	4146
2036	4985
4743	401
3953	5584
3953	1400
5584	1793
5584	1625
5584	4563
5584	1400
5584	2105
5584	5085
1336	5572
1336	3863
5572	3863
5631	4298
1253	4770
1253	3749
2026	4972
2351	5257
5257	4135
5257	1519
5257	2850
5257	4136
5257	1867
4309	5633
4986	5732
4986	2037
5732	2037
1235	4962
1235	5560
4898	5619
5619	1987
5619	1549
965	3331
1629	4310
561	2807
561	5397
175	5252
175	2339
5252	2339
1769	4528
1583	4241
1583	4240
460	2686
4455	5579
4455	1725
5579	3921
5579	1375
5579	1725
2570	5336
2570	369
14	2156
14	3072
1676	4386
289	2469
1863	4693
1863	5528
4693	5528
3080	770
3971	5587
3971	1412
5587	1412
2061	5023
2878	624
1468	4055
5596	4055
4933	2007
879	3215
879	5469
879	4516
3215	5469
197	2363
2788	544
5392	4649
5392	3736
5392	5018
5392	544
880	3216
880	5470
3216	5470
1180	3642
5543	176
5543	3853
5543	4283
773	3090
773	5445
3090	5445
2295	5230
5675	1998
5675	4915
167	2331
167	3967
4517	5243
4517	1766
5243	160
5243	3059
5243	1766
5243	3179
5243	2062
5243	4018
5243	5025
5243	3354
5243	4038
5243	847
4481	1742
2901	641
1437	4011
432	2652
1946	5332
4825	5332
2869	616
1066	3463
3897	1357
515	2754
686	2964
1452	4029
4809	1939
1328	3850
1275	5564
5564	3779
176	3291
176	4959
376	2580
5004	2052
384	2589
2521	326
1184	3647
927	3282
927	4295
1924	4783
1095	3508
789	3577
789	3106
789	5532
3577	5532
484	2718
1927	4788
330	4869
330	5376
330	5708
330	2723
4869	5708
5104	5351
2834	5403
2870	617
3395	1020
891	3229
891	4255
5231	2299
5231	137
4261	1597
1928	4789
626	2881
1267	3769
941	3301
941	5489
2216	5192
2216	72
5192	72
54	5090
487	2721
710	3329
630	2887
204	2370
1794	4565
1794	5439
4565	5439
5460	3175
5460	4477
5460	3172
3915	1370
4751	5665
4751	1906
1346	3880
1559	4196
1559	4195
1219	4450
1219	5553
1219	3694
2068	5033
2068	5716
5033	5716
1143	3588
307	2882
721	3010
1295	3807
3807	5566
1733	4471
428	5353
428	2644
5353	2644
5353	3873
5353	1343
439	2659
439	3472
439	2660
439	5356
2659	5356
1648	4339
2145	5145
2145	4
5145	972
5145	212
5145	4078
5145	3591
5145	3338
2708	5371
2708	477
5371	477
4594	1811
4794	1932
4981	2034
4892	1981
1309	3826
2118	5106
4201	5620
4201	1072
5620	1072
1339	3869
1708	4433
5149	4433
5149	2162
3842	1130
4304	1623
5632	1623
4800	1935
613	5412
613	2866
5412	1897
5412	4737
5412	1257
5412	3754
5412	4584
2687	461
1393	3946
4882	5710
3868	576
3744	1250
3884	5576
538	3911
783	3100
5719	4907
1513	4127
5089	2107
2557	356
30	2172
4248	1589
4384	1675
2283	123
4410	1689
2387	219
5270	219
53	2986
53	2275
53	2196
53	2277
53	5306
53	2985
53	4221
53	4553
3367	998
2383	215
2429	256
1319	3838
962	3327
962	4925
775	3092
1970	4874
3334	5494
3334	968
5494	968
2783	5391
5391	539
731	3027
225	2396
225	5022
225	5274
4723	1545
2070	5036
5455	1951
5455	3956
5455	3931
5455	5036
5455	4832
2166	24
2452	5291
2452	275
5291	275
1151	3602
256	3738
1545	4178
3131	811
5471	3687
5471	4186
555	2801
555	5396
2801	5396
1669	5641
1669	4377
5641	4377
5170	4932
5170	34
5170	2176
5170	4684
2059	5020
1129	3561
3561	5530
1027	3406
2078	5049
1658	4356
1670	5642
1670	4379
5642	4379
3053	5440
5349	2635
1822	4607
1315	3833
1293	3805
715	5269
715	3002
5269	218
679	2956
4550	1784
4863	1962
5706	1962
1024	3400
1024	5509
3400	5509
928	3283
135	2297
147	2309
3872	1342
971	5496
1781	5668
4547	5668
4432	1707
3499	1089
2126	5117
5750	5117
3122	5449
3122	803
5449	3876
5449	803
5449	1274
5449	5133
4531	1771
148	2310
387	2592
387	4711
1278	3783
612	2865
3011	722
125	4076
125	2285
2125	5116
2125	5439
5116	5439
741	3038
1930	4791
5599	4068
5599	1478
3335	969
3005	718
5044	493
1455	4033
115	2271
115	2272
206	2372
5559	3721
4807	1938
5415	1938
5415	2896
1986	4897
5716	4897
756	5441
756	3058
5441	3058
2088	5062
1763	4511
1763	4512
4511	5652
1226	5555
1226	3706
5555	3706
5555	3707
3119	800
5560	3722
1227	5556
1199	5723
1199	4961
1199	4919
1377	3923
1377	5310
3923	5310
258	2432
5285	2432
2720	486
241	2874
3193	5234
3193	858
5234	858
5234	4692
5234	3743
5234	1862
37	2179
1606	4276
1831	4623
1831	5605
4623	5605
493	2778
493	2729
585	2837
160	2324
1723	4452
4245	5624
4245	1586
1832	4624
1140	3579
154	2316
4542	5618
4542	1778
5618	4180
5618	1547
5618	1778
254	5052
254	2619
254	4447
254	2427
1775	5667
1775	4538
5667	4538
3388	1013
598	2850
3782	1277
301	2491
15	2157
155	2317
1998	4915
608	5411
608	2861
5411	3250
5411	2861
682	2959
3637	1175
5362	1804
5362	2681
5362	4585
862	3197
1701	4424
418	2632
1951	4832
131	5198
131	2292
5198	87
5198	2235
986	3354
4866	1964
1230	3714
1398	3951
227	2398
1530	4157
778	3095
1234	3720
1234	4496
1234	5369
1055	3445
113	2269
113	3084
1503	4110
557	2803
2981	5426
842	3170
2408	237
4375	1667
916	3266
916	5480
3266	5480
1190	3655
1660	4358
1541	4437
1541	4172
2115	5100
1690	4411
5289	4296
5289	4411
5289	2449
5289	1958
5289	4859
4923	849
1524	5522
1524	4144
5522	1058
5522	3451
5522	4144
3162	836
724	5432
5432	3013
5019	549
1139	3575
1616	4293
4212	1566
910	3257
4223	1573
1736	4474
1736	5657
4474	5657
5652	4513
5652	4512
5652	1764
1529	4156
2117	5105
2117	5749
5105	5749
4081	1484
1236	3725
869	3204
869	5467
3204	5467
1281	3786
5369	4139
5369	1521
5369	2697
5369	470
4501	1081
4510	5314
5040	2073
2494	304
3894	1354
2727	3
784	3101
91	2242
91	4393
3617	5540
2992	707
136	4462
136	2298
2961	684
336	2532
1171	5442
3425	1043
211	2378
211	3614
1379	3925
2108	5648
2108	5091
5648	5091
5648	4423
17	4198
17	2159
17	2373
47	5179
5179	2189
1645	4335
1921	4774
643	2904
1595	4259
5248	2332
5248	2888
5248	631
5248	168
1141	3580
4509	1762
4176	733
579	2830
4321	1635
1029	5510
628	2885
628	3276
628	2884
3778	1274
3973	5279
5279	2835
5279	4908
5279	5034
3956	1402
2666	5358
750	3049
4183	1549
917	3267
3116	797
909	3253
2626	412
1891	4729
4403	1685
4436	1711
898	4101
898	3237
898	5474
1535	4163
2967	689
988	3356
994	5659
534	2777
2141	0
1153	3604
1061	3456
1385	3931
1058	3451
1181	3643
665	4544
665	4291
665	2931
1618	5630
1618	4297
5630	4297
761	3065
950	3312
50	2192
4050	1464
1103	3517
2249	98
5439	748
5439	4067
5439	1477
5439	3046
1768	4527
166	2330
1345	3876
4341	5637
4341	1649
5637	1649
4826	1947
1843	4642
5045	212
856	3191
259	2433
947	3795
1046	3431
1046	5575
1844	4643
1844	5678
4643	5678
1683	4397
462	5366
5366	2688
5527	1112
5527	957
5527	3529
2223	76
703	2987
1283	3788
1636	4324
2999	5427
2999	712
5427	701
5427	712
5427	2983
320	2514
1434	4371
5022	5740
2515	5314
1807	4589
1807	5348
4589	5348
1362	3902
5348	2634
1440	4014
406	2618
1732	4470
858	3743
1246	3739
3048	749
4932	2006
1410	3968
3968	5586
1032	4049
1032	3411
5120	5751
5120	2127
1798	4572
1900	4741
3689	5550
2214	5190
3563	1130
5649	1999
5649	4916
522	5384
5384	2762
1893	4731
3568	1134
709	2995
709	5429
2995	5429
4889	1979
706	2991
257	2431
390	2600
525	2765
2139	5137
5137	5754
1897	4737
3390	5508
5508	1015
3123	804
748	3046
2647	431
3640	1178
2143	2
1105	4922
1105	3520
4349	1654
1038	3418
4518	5664
4518	1767
5664	1767
4056	1469
33	5169
33	2175
5169	2175
1308	3825
2352	5258
2352	188
2344	180
2478	291
4316	1633
4556	270
34	2176
180	4337
2345	5255
2345	181
5255	4478
5255	181
2337	5251
5251	173
1470	4057
4562	1792
1726	4459
847	3179
4979	2032
2114	5098
564	2812
59	2202
1754	4499
1130	3841
635	2892
4988	2039
255	3016
255	3528
255	2428
255	2430
2798	5357
771	3081
4401	1685
2386	218
3324	960
1533	4160
73	2221
73	2218
919	3270
649	2911
1903	4748
5050	2079
442	2663
4977	2030
178	5253
178	2342
5253	2342
1438	4012
1442	4016
2043	4992
1081	3485
1397	3950
3062	760
2358	193
4124	1510
906	5475
906	3249
5475	3249
751	3550
751	3050
2004	4929
970	5495
970	3336
5495	3336
696	4109
2731	5379
2348	184
697	2978
283	3747
283	2462
283	3044
3889	1350
4888	1978
2780	536
5390	2776
523	5385
523	2763
5385	2763
812	3133
4314	1631
5442	5130
5442	3065
5442	1118
887	3223
2128	5121
3488	1083
3509	1096
1879	4713
618	2871
1553	4188
5002	2050
333	2529
333	5319
2529	5319
3865	1337
2041	4990
2101	5079
2087	5061
1368	3913
1368	5578
3913	5578
972	3338
1375	3921
4478	1739
130	2291
35	2177
1720	5654
1720	4448
5654	4448
36	5172
36	2178
5172	2178
5172	260
5172	2434
3362	5501
3362	993
5501	992
2733	497
397	2609
4909	5720
4902	5717
4902	1990
5717	2092
5717	5068
5717	1990
5717	2093
5717	5067
1145	3593
637	2894
637	5414
2894	5414
4129	5611
861	3196
2566	5314
2566	365
5314	365
5314	4080
5314	4710
5314	1877
3416	1036
2148	5146
2148	7
5146	7
4649	1848
5605	1497
5605	4096
3888	1349
1177	3639
3621	1164
1073	3475
3976	1415
1502	4108
46	2188
57	2200
1243	3732
112	2268
351	2550
263	2437
264	2438
264	5006
4716	1880
5688	1880
1506	4115
1717	4444
2553	353
654	5417
866	3201
5134	2137
1224	3702
1952	4837
1630	4313
1735	4473
324	2519
2792	548
1782	4548
5003	5736
5003	2051
5736	2051
1650	4343
232	2403
2594	5343
2085	5057
2085	5745
5057	5745
1159	3616
2074	5042
4417	5647
4417	1695
5647	1695
1556	4191
1601	4267
1198	3665
3339	973
958	3320
2257	106
974	3340
27	2169
1515	4131
1214	4957
1214	4273
1214	3685
1214	5627
3364	5503
3364	995
5503	995
5528	3546
5528	3544
5528	1118
5528	1116
1516	4132
4132	5612
174	2338
1864	4694
2130	5752
2130	5124
5752	5124
5746	2091
1286	3791
1882	4719
1882	5690
4719	5690
946	3307
2929	663
3473	492
790	3107
2014	4944
465	2691
2418	245
4080	1483
5565	3806
5565	1294
213	2380
2642	5351
1132	3566
1384	3930
562	2810
1249	3742
265	2439
1457	4036
2737	499
2326	162
2472	5298
5298	2470
801	3120
1929	4790
2090	5064
2335	171
1681	5467
631	2888
3866	5573
261	2435
308	2499
274	2450
5297	2465
5297	286
3787	1282
1765	4515
617	5590
617	3990
5590	3990
1443	4017
2031	4978
235	4143
235	2997
4599	1815
4721	5691
5691	1884
4611	5676
4611	1823
5676	1823
1427	4996
1136	5038
270	4617
1514	4128
3467	1067
4702	1870
286	2465
2736	498
29	2171
5126	5753
5753	2132
212	5046
212	4078
212	4359
212	4372
212	3028
212	2379
952	3421
2749	63
3994	1424
4591	1808
5070	2094
2359	5262
1691	4412
1624	4305
4513	1764
524	2764
101	2252
1292	3804
1969	4873
1671	5643
5643	4380
2690	464
207	4205
207	4040
5378	2778
5378	2729
74	2220
1955	5703
1955	4845
1955	4840
1955	4842
5703	4842
5703	4840
5703	4843
5181	2193
1490	5603
1490	4089
5603	4089
43	2185
1459	4038
849	3181
2879	5413
2879	625
5413	625
549	2793
964	5493
964	3330
5493	3330
5493	3341
2336	5250
2336	172
5250	172
2482	5304
2482	295
5304	295
3260	913
622	2876
3772	1269
1142	3585
1142	5534
3585	5534
4667	1854
3405	1026
2133	5128
65	2208
1157	3611
2896	638
980	3644
980	3348
1422	3989
1422	5589
3989	5589
1659	4357
250	2423
907	3250
1228	5557
543	2787
1039	5513
1039	3419
5513	3419
5332	2844
5332	592
5332	2559
5332	358
2555	5256
5256	3892
736	3031
63	2206
1577	4229
3236	5474
5474	897
5474	3237
4777	5678
4777	1922
5678	1922
5678	4780
5678	4778
1059	3452
3629	1169
863	5465
3198	5465
370	4613
370	2714
5047	2076
1800	4577
3546	1118
1793	4563
4529	815
4597	1813
1216	5549
1216	3688
5549	3688
466	2693
3645	1182
467	2694
467	5368
2694	5368
5222	2424
4083	5601
4083	1486
239	2411
3332	966
1655	4350
1526	4147
1850	4653
492	2880
492	2728
3598	1149
161	2325
3231	5472
636	2893
1161	3618
443	2664
2347	183
3392	1017
96	2247
260	2434
3835	1317
3160	834
4210	62
1922	4778
1922	4780
2092	5067
1770	5666
1770	4530
5666	4530
1596	4260
379	2583
2660	5356
5356	3472
4753	1907
5376	2723
957	3319
1004	3376
272	2446
2142	1
2505	5310
2505	313
5585	1713
231	2402
231	5278
2402	5278
3840	1321
1006	3378
1856	4669
1186	3650
5102	2116
359	2560
1772	4533
1728	4463
1862	4692
1776	4539
3583	5357
5357	2662
1195	5545
1195	3661
871	3206
189	2354
189	2360
1051	3438
190	2355
190	5260
2355	5260
1285	3790
1881	4718
1971	4877
1163	3620
2467	288
1812	4596
1812	5673
4596	5673
340	2536
747	3045
571	2819
670	2941
1944	4816
1520	4136
1358	3898
271	2445
753	3055
3226	889
1680	4394
526	2766
1522	5614
1522	4140
1522	5613
1522	4141
5614	4141
1810	4593
2201	58
5068	2093
1294	3806
794	3111
293	2480
2144	3
2375	208
556	3858
556	2802
1651	4344
1112	3529
3025	733
2629	415
1266	3768
576	2826
4087	5602
1185	3649
1727	4460
1035	3415
1465	4051
26	2168
4020	1445
1205	3673
2384	216
5260	1501
5260	216
4657	1852
5051	2080
1972	4878
953	3315
170	2334
4654	1851
1744	4483
1713	4440
4382	5644
4382	1673
5644	1673
4383	5645
4383	1674
5645	1674
1287	3792
512	2751
1626	4307
1119	3548
2757	518
1814	4598
1796	4570
2862	609
5608	4114
2859	606
378	2582
127	2287
687	2965
5197	86
2021	4963
1625	4306
55	2198
55	5184
2198	5184
1635	4409
2132	5127
2506	314
528	2768
323	2518
1296	3808
1501	4107
2136	5133
4813	1942
334	2530
2863	610
2675	452
2001	4921
2683	457
4449	1721
607	5410
607	2860
5410	2860
1271	3775
838	5459
838	3165
5459	3165
589	4346
589	2841
4287	5629
4287	1612
5629	1612
1356	3896
3821	5570
3821	1305
5570	1305
1069	3469
4222	5621
4222	1572
5621	1572
1536	4166
77	2225
4506	1760
4712	1878
1120	3549
1975	4883
355	2556
506	2744
814	3135
2554	5330
2554	354
5330	354
4082	5600
4082	1485
179	2343
179	2948
609	2979
88	5199
88	2236
540	2784
2957	680
836	3878
1044	3426
279	2457
975	3341
5016	2057
4508	1761
5662	1761
4742	1901
326	2990
839	3166
3822	1306
795	3114
3605	5538
1750	4494
5660	4494
209	2603
764	3068
1976	4884
2504	312
2497	5306
266	2440
2440	5286
5130	1118
4262	1598
1257	3754
358	2559
677	2950
2234	86
4924	5724
4924	2002
2095	5071
4290	1614
1144	3589
70	2213
870	3205
1686	4402
1558	4194
4795	1933
5699	1933
5015	5739
5739	5135
5739	2138
1098	3512
511	2750
1428	3999
1428	5591
3999	5591
1638	4327
1261	4658
1261	3760
4003	1430
4927	2003
2760	521
4431	5650
4431	1706
5650	1706
45	2187
1997	5722
5722	4914
5476	3254
360	2561
1609	4283
627	2883
1347	3882
1347	5472
3882	5472
2138	5135
3873	1343
1872	4704
441	2662
4612	1824
3544	1116
3817	1303
3870	1340
4098	1499
1548	4182
3540	5242
3540	1114
5242	158
5242	2321
1040	3420
2020	4960
1208	3677
472	2703
79	2227
79	3432
417	2631
1913	4761
1652	4347
1325	3846
527	2767
527	5386
2767	5386
278	2456
504	5380
5380	2742
1819	4603
375	2734
1324	3845
2422	249
3227	890
2949	676
5	2146
2682	456
708	2993
4227	5622
4227	1575
5622	1575
1709	4434
1009	5506
1009	3383
5506	3383
1847	5679
1847	4647
4133	1517
558	2804
1802	4579
292	2479
5302	3177
5302	846
3261	452
1846	4646
1409	3966
1587	4246
3368	5504
3368	999
5504	999
5500	991
41	2183
2299	137
513	2752
1999	4916
1008	3382
3018	728
2567	366
2620	407
1532	5615
1936	4801
5454	4759
3564	1131
1316	3834
3891	1352
2840	588
362	2563
363	2564
1663	4367
1663	5638
656	5418
656	2921
5418	2921
3017	727
3680	1211
2755	5383
1364	3904
4218	1570
322	2517
1954	4839
1448	4024
2046	4998
2046	5734
1795	4567
4861	5705
4861	1960
2062	5025
2759	520
3514	1100
3830	1312
2060	5021
4169	1538
647	2908
1599	4263
2033	4980
1450	4026
1552	4186
2048	5000
5026	2063
3828	1310
2906	645
253	2426
2098	5076
815	3136
1494	4093
1237	3726
1456	4034
5594	4041
651	2914
3955	1401
4740	1899
5692	1899
1488	4085
4830	1950
827	3149
134	2296
4175	1544
305	2495
1363	3903
3903	5577
742	3039
5028	2065
2425	252
1714	5651
1714	4441
5651	4441
48	2190
3494	1087
2288	128
1495	4094
1569	4217
5005	5737
5737	2053
2105	5085
1806	4587
1909	4755
1496	5604
5604	4095
1497	4096
3369	5505
3369	1000
5505	1000
3361	992
210	2377
430	2646
1751	4495
1980	4890
3177	846
990	3359
2573	372
1365	3905
1225	3705
3435	1049
5518	1049
1861	4690
2849	597
4043	1461
4698	1867
1991	4903
1001	3370
1911	4759
2106	5088
1085	3492
