752	3051
4219	5448
221	5221
1183	3646
4942	5663
1255	3751
865	5143
3446	5232
501	5275
1203	5547
142	2304
3423	5514
1666	4374
2678	5360
2813	5176
4672	5430
196	5164
3247	5288
586	2838
765	3069
2022	5729
468	5214
1408	5161
3285	5171
500	5166
246	3938
2040	5374
766	3070
4971	5433
925	5458
1126	5448
1724	5254
4821	5674
3958	5156
306	3085
796	5164
296	2483
4906	5718
922	5389
3102	5171
914	5156
825	5456
234	3182
3060	5174
4348	5161
850	3185
5063	5552
2460	5295
228	5237
1563	5156
267	5165
297	2484
488	4001
5123	5194
201	2367
300	2489
10	2799
1684	4399
714	3001
1576	4228
904	5227
4252	5458
1297	5567
4299	5161
1071	5224
3022	5183
894	3233
1244	5152
1508	5607
1298	3811
3932	5224
1217	4640
311	2503
531	2772
4113	5156
1213	5164
4168	5617
1859	5684
1113	3536
3449	5521
1299	3812
1853	5152
287	5529
95	2735
989	3357
1860	5685
996	3365
867	5466
109	2261
3952	5583
908	3252
4497	5154
746	5176
350	5176
690	5424
503	5189
1064	5342
306	4086
1172	4875
1276	5341
1313	3831
1388	5582
2035	4984
824	3145
3945	5171
3559	5364
1212	5176
306	5254
2238	5200
1883	5152
1197	5233
3820	5176
3960	5299
1995	5213
4823	5674
3167	5254
1289	4004
2281	5161
3843	5537
4408	5166
2019	5161
2239	5201
1419	5282
9	2151
119	3972
2973	5425
681	2958
1323	5165
593	2845
71	2391
1868	4699
4294	5180
4569	5156
1361	5277
2112	5096
1840	4637
3386	5185
1057	5689
650	5185
755	5238
5069	5213
399	5194
3511	5185
242	5247
944	3304
1204	3672
4754	5695
2716	5210
1841	4638
302	5261
5096	5166
1473	4062
893	5473
3975	5176
1413	5588
1193	5176
2010	4940
1963	4865
83	5195
501	2739
878	3214
1152	3603
4939	5224
3079	5154
3607	5539
4722	5226
163	2451
317	2509
2977	5143
126	5156
1642	5187
4352	5284
819	3430
4680	5229
4586	5185
519	5267
1540	5176
1585	4244
4806	5225
84	5196
772	3089
392	5312
1179	5542
3600	5536
4756	5224
194	4918
1011	5177
1694	4416
933	5486
2163	5160
328	2523
4940	5161
2771	5388
80	5161
658	2923
1476	4193
4301	5174
2267	5217
3051	5213
243	2415
1122	3552
976	5484
3238	5268
247	5195
153	3690
1912	4760
559	4149
1904	5165
4564	5404
1158	5195
1239	3728
929	5372
934	5487
1682	5646
659	2924
1734	5656
1702	5295
2816	5166
5111	5164
44	4048
1447	4022
3132	5143
1957	5176
669	2937
2318	5155
449	5674
1240	3729
1646	5171
2463	5164
2042	4991
745	3112
3497	5155
5080	5176
186	5220
734	5434
4331	5174
4928	5164
1451	4028
2624	5346
68	5164
3094	5152
1137	3572
1403	3957
3105	5161
2455	5165
67	2761
4769	5176
1021	3397
3082	5443
1406	3962
4552	5178
2625	5347
4810	5702
3134	5453
3054	5344
3470	5259
3753	5202
2009	4935
3723	5210
471	2701
144	2306
383	2588
1668	4376
2493	5164
3417	5512
1045	5151
244	5282
3430	5451
4500	5661
422	5325
1788	4557
482	2715
702	2984
2122	5113
108	5214
95	4112
705	2989
1789	4558
2732	5185
298	2485
3071	5405
3495	5324
2630	5174
402	5166
2614	5166
4097	5249
1284	5325
1053	3443
49	5164
3565	5159
109	5215
885	3221
2195	5182
299	2486
3675	5147
203	2369
4893	5713
4122	5607
716	3003
895	3234
2064	5027
2204	5187
251	5155
1382	4670
886	5400
471	5158
859	5154
532	2773
1756	4502
3173	5165
4894	5714
896	3235
114	3608
285	5296
1300	3813
566	5166
720	3009
640	2900
1165	3625
246	5341
447	5331
977	3345
1511	5610
1301	3814
674	4061
3443	5519
4430	5435
2023	4967
1304	3819
1684	5272
3899	5161
438	2658
425	3771
3836	5221
1715	4442
121	5166
1408	5108
2707	5370
2864	5174
3043	5176
3741	5218
2024	4968
3502	5461
2096	5073
459	5161
450	5341
4605	5143
2027	4973
1716	4443
1193	5156
95	4655
4365	5161
1192	4931
1825	4615
182	3082
4100	5272
892	5164
1828	4620
2240	5202
1557	5209
1222	4810
1075	3479
1388	3939
547	5166
435	4430
2055	5013
1330	5166
2241	5203
3300	5367
1925	5312
11	2153
669	5420
4360	5204
683	2960
138	5232
1272	5161
595	2847
389	2599
3358	5165
3437	5229
1471	4058
5011	5430
1344	3874
1042	3423
1458	5324
1537	5617
1956	5155
404	5238
478	5187
1220	3695
2544	5325
1174	5156
1475	4064
3917	5164
1420	5446
2545	5326
4469	5497
1101	5171
1937	5672
3979	5224
4381	5155
143	4793
1634	5634
1121	3837
1965	4867
4870	5166
982	3350
503	2741
1873	5687
1331	5224
4421	5456
1512	5156
1351	3890
642	5416
480	5354
1052	5171
903	5191
2164	5161
774	3091
1540	4171
4486	5176
1926	5698
1390	5166
3409	5372
1849	5680
385	3624
1588	4247
2374	5156
2165	5162
550	2794
408	3793
1904	4749
1818	5463
720	5191
4303	5176
4288	5462
1697	4419
1603	5166
2758	5267
818	3139
1241	3730
117	2274
2364	5264
554	2800
2122	5322
2713	5152
120	2279
2262	5216
4724	5354
2254	5212
1865	5400
1242	3731
810	4074
1376	4714
281	4856
4265	5185
819	5700
2044	4993
935	5237
578	4325
1210	5176
121	2280
920	3271
3678	5245
2255	5213
1154	4786
2045	4994
837	4850
601	2853
3476	5375
2119	5288
924	3277
2743	5381
2016	5461
759	4787
4396	5646
602	2854
2412	5281
4523	5458
4418	5176
693	2972
4881	5166
2230	5161
3309	5154
385	2590
2704	5160
3669	5546
921	5194
4167	5185
2824	5225
4805	5701
3129	5452
713	5430
732	3457
1048	3434
1518	4137
2306	5235
132	5155
4620	5246
2124	5115
509	2747
674	5029
2976	5215
717	3450
3350	5276
2315	5240
4602	5463
1019	5478
2307	5236
1288	3796
4453	5254
510	2748
3171	5161
111	5217
124	5156
321	3635
4752	5178
4895	5715
85	5164
1574	5178
473	5160
2753	5178
1977	5711
899	5268
1094	5364
978	3346
139	5171
4102	5272
67	5152
945	5155
238	2410
78	5161
2601	5166
1167	3627
2084	5056
1525	5321
1918	5661
1041	4454
1233	5558
474	4752
979	3347
1147	5375
1491	5185
3555	5164
146	5152
578	4580
1168	3628
341	2538
2814	5166
3323	5272
717	3054
1376	3922
4354	5374
1280	5266
2502	5165
347	5327
2909	5174
194	4590
2513	5174
3242	5463
1718	4445
3638	5283
792	5448
572	2821
646	3524
138	2300
32	5171
1444	5490
2231	5195
717	3584
3142	5232
935	5204
1830	4622
411	5347
2665	5307
230	5272
1332	3857
5081	5186
1146	5158
843	3171
1335	3862
3823	5221
2232	5196
1313	5155
1460	4042
2444	5195
3619	5162
153	2315
4609	5492
3839	5165
1463	4047
619	5232
1923	5609
3965	5161
391	2601
1102	3516
4284	5143
2847	5176
3007	5165
1463	5215
2858	5185
918	5272
306	5531
392	2602
1887	4725
3353	5164
1222	3697
4392	5499
395	2607
4002	5164
3740	5164
234	3184
1758	5254
1888	4726
1898	4739
1196	5221
2599	5195
4274	5628
1826	5159
1637	4326
282	5295
4099	5218
4701	5323
639	5340
1902	5154
5108	5152
240	4660
1065	3462
985	3353
1268	5282
1692	5164
1229	3713
1542	4173
114	3797
3998	5171
3486	5405
223	2392
1174	3634
1992	4904
1113	3538
4490	5224
2045	5733
3441	5519
604	5238
1551	5161
552	2796
1543	4174
342	5238
3972	5155
3763	5161
185	5254
1688	5166
1546	4179
182	3379
224	5182
1894	5271
1896	5201
820	3141
1115	5161
4535	5497
553	2797
1898	5161
3824	5176
1188	3653
3701	5185
1493	5341
2498	5156
4663	5682
4028	5171
1905	5694
4363	5161
4792	5158
420	4604
2448	5155
3936	5582
3997	5220
1189	3654
6	5144
1715	5161
833	4364
1837	4629
4398	5155
2900	5321
3156	5247
1611	4286
1076	5174
4838	5161
2017	5728
262	5186
4969	5730
1829	5677
776	5178
603	2855
3626	5541
4936	5324
4333	5174
4540	5324
514	5178
940	3300
852	3187
4503	5176
3314	5311
1092	4251
1615	4292
482	5374
3864	5189
157	3448
4007	5354
1007	5461
396	3321
214	3344
1578	4230
570	5194
469	3979
4746	5693
2534	5321
1050	3436
1797	5171
1125	5187
4058	5176
2077	5225
874	3210
4949	5155
1787	5163
1369	5175
507	3453
2535	5322
1704	5165
884	5246
1941	4812
2527	5318
1700	4457
2219	5165
4145	5180
4686	5684
875	3211
1054	3442
1561	5345
2251	5154
3734	5237
923	5174
94	5206
4871	5171
4876	5515
317	2511
23	4279
1973	4880
89	2238
2715	5374
1945	4818
516	3623
4368	5639
458	5259
95	5207
2181	5174
1593	4595
4239	5345
318	2512
1974	4881
1289	5007
90	2239
119	5155
735	3029
655	2920
685	5423
20	2409
826	3147
2182	5175
240	2412
738	3034
658	2925
3731	5203
4435	5176
4958	5180
955	4609
5032	5166
192	5261
1527	5180
3158	5161
4184	5185
4639	5171
4867	5178
1592	5309
918	5481
4974	5161
739	3035
1170	3630
2097	5747
1099	5147
1479	4614
221	5144
2607	5174
669	2939
1093	4844
4700	5186
1436	5592
1687	5174
1288	5428
573	2822
3682	5548
2067	5166
1086	3493
1959	5224
3313	5156
16	5156
1371	4150
4853	5401
574	2823
673	2945
819	3265
1206	3674
140	2302
3188	5161
1192	5725
577	2828
2926	5161
1374	5244
3526	5156
1254	3750
2466	5176
1432	5185
141	2303
3126	5451
1875	4708
569	5224
2113	5174
1748	4487
1662	5238
2071	5177
294	2481
1396	5267
1104	3518
2013	4943
3773	5563
3847	5512
446	5275
961	3326
881	3217
2458	5293
4189	5249
229	5277
116	5220
435	5345
51	3662
199	2365
298	2487
4735	5422
1439	5201
2459	5294
2927	5399
2451	5290
117	5221
2935	5223
1890	4728
5103	5180
695	5161
2706	5171
646	5156
200	2366
3851	5338
780	5156
3240	5221
3127	5164
4456	5189
1273	4271
2313	5176
4574	5324
4277	5446
1639	4328
529	2770
578	5515
688	5158
1382	4672
2719	5226
485	5324
433	2653
3308	5212
5084	5431
463	3993
4886	5712
2944	5164
1425	5158
987	3355
84	5165
805	5450
434	2654
987	5161
2643	5352
1994	4906
1821	4606
4104	5267
931	5266
2089	5552
2507	5311
2047	5735
4035	5167
1063	5156
1062	5340
4482	5218
1023	3399
2393	5182
4666	5155
819	5326
967	5224
4019	5164
4249	5626
1925	4784
381	4834
1371	5164
691	5405
5113	5322
1191	3656
3522	5526
2248	5208
2617	5191
1632	5205
3412	5511
2038	5484
1388	3941
591	2843
1373	5210
1613	4288
5059	5616
8	2150
3887	5166
516	5180
4536	5166
3622	5240
223	3615
942	3302
2111	5095
854	3189
1839	4636
1492	5166
1617	4294
4964	5729
831	5457
205	2371
943	3303
2856	5185
855	3190
4091	5166
4251	5155
489	2724
4405	5213
1774	5266
1565	5272
404	2616
3977	5180
120	2677
309	4828
642	2902
4767	5156
1090	5164
1915	5161
71	3724
1943	4814
120	4254
2818	5194
2650	5201
1202	5225
2851	5191
819	3883
327	5370
723	3012
902	3243
4369	5640
316	2508
1154	3607
4479	5283
4768	5157
4600	5164
599	5191
319	2513
2709	5372
1355	5174
2340	5160
716	5187
653	5247
932	5485
2207	5161
2710	5373
2173	5168
165	5200
657	2922
451	2674
5065	5156
1568	5174
4661	5152
1326	5232
1121	3551
693	5176
316	4206
3947	5171
1318	3836
4220	5180
1077	3481
3152	5196
939	5237
3578	5533
5129	5405
1446	4021
3087	5444
1712	5160
1078	3482
1394	3947
3934	5582
352	5147
1088	3495
5138	5755
948	5178
18	5158
1395	3948
1608	5224
325	5315
837	4852
381	2586
3410	5203
3302	5490
396	5375
1405	3961
3959	5531
2711	5165
578	5086
1729	4467
2658	5159
806	5359
1591	5171
1270	3773
2595	5219
3076	5443
4165	5370
143	2305
2547	5328
382	2587
2795	5164
445	5087
700	2982
502	5212
2120	5111
20	2585
5107	5516
4329	5185
3582	5436
4320	5365
2121	5112
963	3328
704	2988
495	2994
776	3093
883	3219
1460	5595
99	5209
1481	4077
2875	5165
899	5558
421	2636
4793	5176
3510	5267
1590	4249
884	3220
4004	5430
777	3094
2453	5292
177	5164
202	2368
422	2637
729	3920
1699	4421
4782	5697
2135	5131
1702	4426
1855	4668
132	3063
159	5152
182	2475
435	2655
3389	5507
32	2716
1022	5261
1703	4427
268	5287
1449	5185
4817	5245
4472	5656
394	5283
436	2656
1836	5185
3881	5151
298	2951
1041	4456
1745	5183
2779	5174
248	5165
2958	5176
2562	5176
1576	5374
1662	5185
19	2898
1408	5152
1561	4199
2922	5339
3150	5346
4864	5707
835	3161
3893	5161
884	3691
4561	5669
1578	5191
182	3944
4060	5158
141	5224
1562	4200
1826	4618
2661	5303
191	5161
3264	5224
3718	5165
316	5341
1467	4685
2790	5341
3651	5224
930	3285
4930	5428
1827	4619
149	2311
388	2593
1003	5224
2726	5176
1783	4549
67	5167
2054	5012
2574	5307
3113	5176
3407	5394
10	2152
150	2312
876	5156
3258	5185
4948	5189
2928	5167
2471	5300
4048	5161
1677	4387
1002	5152
438	5159
666	5166
1218	3693
129	5227
490	2725
4391	5271
1041	3422
2679	5185
3468	5525
94	4073
480	5686
857	3192
5053	5247
3174	5164
491	2726
3815	5569
328	5292
1487	5431
2199	5142
1016	5171
634	2891
3322	5178
149	5177
1940	5147
220	3251
1581	5623
809	5452
71	3308
3186	5174
2421	5191
500	3305
335	5187
233	5176
1562	5201
1834	5394
1155	5451
981	3349
901	3240
3799	5337
290	5301
1121	5229
1993	5387
725	3014
3295	5166
1567	5395
343	2540
4808	5271
69	5189
495	3491
240	4662
1378	3924
4389	5324
68	3912
1902	4747
3987	5164
1389	5165
3211	5468
809	3129
3271	5482
1003	3372
723	5161
2512	5201
816	3137
1525	4351
2385	5246
1988	5430
2008	5259
4242	5161
1604	4272
453	2676
583	3954
1418	5164
81	2395
1079	3483
1724	4453
1858	4682
1996	4912
306	5305
119	2278
2253	5211
769	4117
1462	4044
1833	4625
4413	5164
95	3498
4708	5161
4947	5443
1080	3484
1961	5448
912	5477
269	5191
403	2976
2018	5164
1555	5174
16	2158
4656	5681
768	3074
1248	4236
600	2852
1874	5156
859	5178
3929	5581
743	5232
2011	5161
1934	4798
3296	5488
1731	4469
1937	4803
4032	5593
692	2971
4476	5161
4197	5517
2486	5161
3974	5588
1817	5152
4285	5221
2579	5209
28	5142
717	4312
2551	5147
3228	5246
542	5363
1276	3781
1133	5193
4105	5290
729	5189
3290	5486
1687	4404
2123	5114
508	2746
2558	5271
4203	5187
3603	5537
1454	5593
4765	5156
510	5187
1582	4238
4118	5345
4855	5458
423	2638
1737	5164
4514	5165
3413	5147
3245	5191
2895	5221
110	5216
1458	4059
3525	5245
2565	5166
779	3096
537	5140
3274	5483
4520	5653
424	2639
3750	5183
182	2468
1816	5164
229	2400
2641	5161
3667	5185
1432	4006
2109	5337
4578	5185
1657	4353
2082	5054
4052	5484
4214	5174
1289	5009
507	5382
823	3144
1433	4007
1705	4429
914	3262
133	4683
2645	5167
1166	3626
2083	5055
4075	5244
559	2805
2086	5060
3398	5261
915	3263
273	3759
560	2806
739	3037
1223	5185
3085	5444
563	2811
1508	4122
837	3163
875	3455
2568	5334
12	5152
1021	5191
517	5324
924	5562
1302	5185
306	4466
182	2710
13	5153
1719	5653
2025	5171
2668	5277
95	3465
1665	4370
882	5156
1075	4913
3796	5428
151	2313
1338	5552
1090	3501
122	4879
2549	5176
3306	5155
2843	5165
1785	4551
1334	3861
3735	5152
4211	5261
2846	5399
3187	5463
1416	4425
1842	5171
567	5266
364	5166
42	5152
3021	5171
1194	5544
699	5156
152	2314
1523	4142
657	5339
1474	5598
594	5399
877	3213
4573	5241
533	5389
398	5344
734	3164
195	2361
471	4102
3697	5161
469	5224
1886	4724
2796	5174
1221	3696
3036	5272
4976	5185
908	5451
394	2606
787	5161
495	5398
1749	5658
92	2241
2548	5225
3877	5213
1260	5201
3574	5212
3103	5447
315	5696
141	3594
1366	3907
1914	5316
582	5402
141	5171
367	5334
983	3351
2447	5178
1215	4677
2673	5341
3454	5152
4975	5490
2083	5539
1231	5259
1245	5194
1172	3632
3886	5154
345	2542
368	5335
2099	5254
984	3352
52	5178
2971	5183
2916	5247
1380	3926
781	5324
546	5341
835	5215
423	5350
1173	3633
2096	5185
3207	5167
744	5176
1381	3927
675	2947
3765	5165
691	3071
3940	5166
584	5160
583	5344
1777	5324
385	3373
3943	5171
1788	5333
3849	5164
3453	5164
1187	3652
2781	5180
1259	3757
2539	5238
4121	5443
580	2831
1647	5214
1779	5141
1835	4627
4153	5395
409	5164
1260	3758
3666	5164
581	2832
1417	5282
873	5155
18	2160
2104	5431
5035	5261
1314	5571
3436	5232
1509	5401
329	5176
926	5166
1110	3526
851	3186
4442	5161
3185	5241
2540	5323
1892	4730
694	2973
400	2612
3871	5574
1111	3527
938	5176
1298	5568
4468	5155
399	4373
2066	5031
1580	4234
2533	5320
1889	5398
877	5166
2390	5271
3422	5189
5039	5272
1258	5531
3553	5529
1435	5164
1602	5341
2526	5317
3597	5535
4224	5288
4954	5164
1621	5174
1255	5462
1395	5393
4213	5395
93	5205
66	5188
2036	5389
4743	5215
5131	5211
3466	5237
3953	5584
1336	5572
4492	5224
2946	5201
4938	5161
455	5185
1619	5631
2367	5265
3539	5486
1253	5165
2026	4972
1307	3824
2351	5257
4309	5633
4986	5732
1235	5161
4898	5619
152	4738
435	5435
2028	5161
825	3146
843	4363
1435	4009
965	5292
1629	5272
561	2807
175	5252
316	4208
1769	4528
2569	5335
2604	5213
3809	5468
2461	5164
1583	5161
460	5241
4455	5579
565	2813
2570	5336
14	5154
1676	5468
2113	5097
289	2469
71	5136
1863	4693
1511	4125
3080	5443
1091	3502
25	2167
3064	5206
3363	5502
4015	5428
1474	4063
1845	4644
1875	5161
317	5313
1092	3503
3971	5587
4846	5176
2061	5171
3194	5321
2878	5164
223	2416
2011	4941
4385	5232
1468	5596
4933	5180
3287	5485
2302	5233
879	3215
1053	4945
3493	5324
3663	5247
197	2363
2788	5392
2012	4942
2815	5266
880	3216
1180	5543
773	3090
2295	5230
420	5675
3541	5486
167	5266
3346	5161
2789	5393
2633	5225
32	2597
4891	5484
4517	5243
4715	5344
4481	5177
788	3105
132	3703
2901	5161
377	5340
369	5336
1437	5177
432	2652
3192	5224
1946	4825
2000	5174
1235	4962
4064	5153
1917	5176
2869	5214
1127	3559
1066	3463
1244	3735
3897	5161
1993	4905
1820	4605
515	5166
1128	3560
686	5164
2015	5189
1452	4029
3442	5520
3041	5176
3396	5224
859	5321
853	5161
1383	3929
591	5161
4809	5428
1328	3850
1248	3741
1022	3398
1453	4030
1275	5564
176	4281
4074	5324
3711	5272
4228	5382
376	5209
145	2307
5004	5194
384	2589
2521	5182
582	2833
1184	5153
1779	4545
1404	5156
927	3282
1924	4783
779	5333
1095	5224
789	3577
484	5156
1927	4788
23	4532
330	4869
121	5104
3885	5164
583	2834
841	3358
2870	5186
3395	5157
3560	5224
1716	5428
891	5165
1092	5155
4443	5428
4209	5261
238	5280
95	5231
2872	5232
530	5388
4261	5271
1928	4789
626	2881
4784	5312
1267	5272
5009	5430
629	2886
480	5158
941	3301
2216	5192
54	2197
853	3188
487	3476
1894	4732
710	2996
630	2887
204	2370
1794	4565
402	2614
3703	5165
4177	5164
3169	5460
3915	5164
4751	5665
1346	3880
1559	5156
1219	4450
1291	3801
2068	5033
398	4715
752	5213
132	4187
380	5341
1143	5214
307	2498
721	3010
480	4641
1295	3807
2072	5039
2520	5315
5030	5201
4622	5147
1733	5430
3298	5237
3995	5165
5029	5156
4943	5727
428	5353
439	2659
1648	4339
2717	5191
3683	5164
2145	5145
3515	5171
4519	5665
2708	5371
4594	5430
4794	5375
634	5229
507	5008
3377	5237
1351	5284
4981	5201
240	4664
2097	5074
61	5187
4892	5272
2028	4974
1309	3826
2361	5263
1381	5163
2118	5276
1003	3374
3500	5164
3937	5165
4201	5620
1383	5581
32	4900
1339	5166
1708	5149
3571	5224
1829	4621
3842	5458
4304	5632
1076	3480
4800	5161
4150	5165
1392	3945
3577	5532
740	3036
3880	5161
12	2154
3037	5438
935	3477
885	3885
1890	5161
613	5412
844	5165
2687	5325
2968	5424
1393	3946
1213	4882
3868	5186
3744	5416
3884	5576
477	5371
538	5238
2907	5185
273	3506
1966	5156
13	2155
783	5185
182	5719
1513	4127
1910	5224
5089	5156
1466	4052
4439	5160
2557	5331
30	3864
4248	5592
4384	5224
859	3194
2356	5161
2699	5155
4521	5458
658	5419
4576	5165
454	5360
214	3047
3803	5178
4031	5185
4955	5161
2283	5213
860	3195
1876	4709
4410	5218
2387	5270
3199	5185
53	2986
3367	5141
1966	4868
4696	5166
3292	5147
4142	5174
4571	5171
2383	5156
1200	5185
2429	5272
1319	4239
962	3327
495	2809
882	3218
775	3092
1970	4874
3334	5494
3235	5143
739	5241
4833	5176
2783	5391
731	3022
225	2396
4723	5161
2070	5455
2166	5163
2452	5291
1151	5185
4271	5180
2405	5216
3371	5152
256	5272
1545	4178
226	2397
3131	5436
1623	5180
1215	5471
555	2801
1669	5641
4685	5170
2059	5338
1289	5011
1129	3561
455	5194
2821	5395
1082	3486
1027	5536
2078	5171
1658	4356
1670	5642
586	3053
2636	5349
2523	5292
1822	4607
4973	5164
8	5148
1315	5185
1293	5246
715	5269
1399	3952
679	5203
5086	5635
3147	5272
4550	5246
3146	5456
4863	5706
925	3278
1024	3400
1733	4471
928	3283
135	5224
147	2309
3872	5267
386	2591
971	5496
316	5156
1781	4547
2809	5398
3078	5443
929	3284
1926	4785
4432	5375
3499	5436
2126	5750
3122	5449
4531	5354
673	5164
148	2310
4154	5367
387	2592
1278	3783
612	5154
3273	5389
3757	5322
3011	5389
125	5152
2125	5116
741	5155
1930	4791
3175	5460
4072	5599
488	4566
3335	5220
4502	5412
4920	5171
3252	5451
3005	5165
5044	5237
624	5164
1455	5321
1056	3446
1011	3969
888	3224
1172	4969
781	3098
115	5223
2484	5170
632	2889
206	2372
426	2641
1892	5295
634	5559
3521	5203
1752	4497
752	4797
1467	5151
419	5225
4807	5415
1986	5716
471	5272
892	3230
234	5216
756	5441
300	5161
3092	5174
38	5161
2088	5062
1763	4511
2415	5191
4882	5710
1226	5555
3119	5164
989	5499
361	5176
1333	5272
3867	5552
763	5156
185	4950
3305	5174
342	2539
1382	4676
1235	5560
75	5164
1227	5556
1199	5723
4537	5266
4174	5214
1377	3923
429	5167
2936	5164
258	5285
2720	5194
3967	5266
346	2545
241	5232
258	2432
1722	4451
3193	5234
3278	5458
422	5164
1253	5321
37	5173
1606	4276
1831	4623
493	5044
585	4224
2925	5419
160	5243
1723	4452
4245	5624
1336	3863
233	5233
1832	4624
3832	5571
4338	5214
1140	3579
14	2156
154	2316
4542	5618
4812	5213
4046	5451
230	5344
632	5238
254	5701
153	5240
1775	5667
3388	5185
598	2850
3782	5341
301	5224
595	5176
306	3087
163	5290
2969	5238
15	2157
155	2317
2477	5301
1998	5675
881	5161
608	5411
2963	5423
2985	5182
3145	5171
682	5180
396	2608
3579	5283
5007	5430
819	5451
1730	4468
3637	5224
194	5362
246	5180
862	3197
2769	5185
1701	5164
4208	5341
418	5292
1951	5455
3863	5572
3954	5165
4342	5161
4738	5161
4361	5174
4824	5164
578	4835
1989	5338
4875	5395
723	5110
1290	5337
131	5198
986	3354
4866	5166
3220	5471
1230	3714
3066	5147
3963	5515
1906	4751
1233	3719
2150	5148
1398	5284
227	2398
1376	5345
23	4734
1530	5174
4386	5468
778	3095
3448	5185
4317	5634
401	5180
1234	3720
1547	4180
228	2399
4308	5405
1055	5295
113	2269
1431	4005
1503	4110
3906	5245
1656	4352
1057	5521
557	2803
2981	5426
842	5187
1525	5180
1504	4111
1013	5185
2408	5155
843	4365
4375	5171
916	3266
1190	3655
1660	4358
1541	5161
1687	4461
3034	5437
275	2452
10	5150
3342	5324
1056	5232
1075	5245
2115	5167
1209	5245
1690	5289
276	2453
4923	5161
1524	5522
21	2163
3162	5213
724	5432
5019	5394
1139	5531
2966	5158
1616	4293
1992	5218
32	5210
4212	5185
3816	5185
1619	4298
4606	5341
910	5299
3513	5147
4223	5194
1196	5247
1736	4474
4445	5652
1529	5164
1620	4299
2400	5277
4615	5166
2117	5105
2392	5273
4081	5375
1236	5176
4356	5171
1967	5166
2441	5165
3038	5155
869	3204
1281	3786
3720	5369
4501	5180
732	4510
5090	5166
1970	5171
4952	5461
4374	5484
122	5224
5040	5165
3636	5375
783	3100
223	3586
2494	5176
4629	5185
1030	5372
23	5218
3715	5259
114	2596
4785	5698
3894	5261
1332	5185
580	3860
2727	5155
784	3101
778	5156
3706	5555
91	2240
4454	5189
1160	3617
94	2245
234	2405
4913	5245
1785	5246
230	5144
1437	4011
2442	5287
403	5215
879	5324
2992	5165
4272	5185
3487	5144
136	4462
2961	5214
583	3461
1982	4893
336	5161
1171	3631
831	3154
344	2541
71	5272
3425	5434
5087	5748
674	5156
211	5166
1379	3925
1917	4769
4200	5201
1175	3637
2108	5648
507	5164
348	2547
568	2816
17	5157
1263	5327
1484	5375
1566	5185
182	5224
47	5179
3148	5161
1645	5249
4675	5430
1921	4775
578	2829
509	5210
643	5210
1595	5248
1141	3580
4509	5663
2836	5160
1094	3505
516	3299
4176	5194
579	2830
4321	5203
1834	4626
2332	5248
2588	5174
156	2318
1029	5510
628	5166
3778	5449
306	2671
3927	5163
149	2953
3973	5279
837	4522
281	5058
3956	5455
1466	5484
157	2319
1215	3687
1634	5211
2666	5358
489	4864
160	2324
750	5164
398	2610
447	5392
4183	5619
3474	5159
4538	5667
1109	3525
917	5161
3116	5185
909	5157
2626	5178
1891	4729
1677	4391
4403	5213
4436	5161
3040	5232
399	2611
1543	5214
72	2216
129	4822
898	4101
1640	4329
1895	4735
573	5195
1535	4163
3614	5174
2967	5363
988	3356
3352	5174
4345	5164
994	5502
157	5185
726	5342
534	2777
2141	5141
2644	5353
1153	5266
2152	5150
1301	5164
1061	5448
4424	5164
1385	3931
1058	5522
3504	5164
1677	5271
1181	3643
665	4544
1618	5630
115	2271
761	4252
273	5072
950	5171
1386	3932
50	5180
1458	4037
3484	5185
2953	5177
4050	5224
4487	5225
3907	5404
982	5276
1270	5563
574	5185
1103	5157
1192	3657
2249	5209
629	5237
2125	5439
1768	4527
4582	5233
277	2454
2923	5419
4659	5682
166	5247
1376	5580
1753	5158
2490	5271
4496	5166
1560	5517
1196	3663
1509	4123
1711	5161
850	5241
1345	5449
23	2165
1513	5176
1117	5176
4009	5164
4525	5458
4341	5637
2960	5422
1200	4536
4826	5157
1889	4938
1843	4642
315	5311
3556	5187
1574	4225
5045	5201
856	3191
2722	5141
1738	4476
259	5187
947	3309
1046	3431
1927	5166
1844	4643
1683	4397
4054	5171
4282	5178
462	5366
3293	5487
405	2617
4334	5225
3668	5364
1615	5165
4558	5527
17	4198
948	3310
2223	5164
2820	5154
4732	5271
703	5428
1283	3788
67	5367
1636	5224
4775	5232
409	2623
1930	5176
2419	5224
2999	5427
320	2514
1158	3613
1803	4583
4791	5176
1434	4371
2930	5147
4641	5237
1747	5176
225	5022
786	3103
1053	5519
321	2515
2825	5210
2775	5389
1162	3619
1807	4589
4511	5652
1943	5416
236	2407
1439	4013
4681	5166
2774	5164
12	2290
3833	5185
1362	5227
4589	5348
508	3280
4727	5398
1440	4014
406	5218
1807	5348
132	2700
4135	5257
1126	3558
1732	5174
1617	4958
689	5363
2112	5166
1481	5183
858	3743
1013	3388
120	2353
1246	3739
1326	3848
2537	5229
3643	5325
2322	5161
570	2818
3024	5433
19	5159
3084	5218
3552	5323
1327	3849
1634	5132
327	2651
3048	5152
197	5165
4932	5170
1104	5497
182	3581
23	5165
1525	5261
3580	5161
1213	3683
2873	5156
113	5324
3764	5327
1410	3968
4231	5616
1032	5185
2801	5396
2817	5224
5120	5751
1798	5541
940	5367
1498	5249
1900	5180
1217	3689
2214	5190
875	3809
1024	5509
615	5161
4912	5721
628	2885
516	4630
182	5279
3563	5458
306	2605
4427	5649
1079	5152
522	5384
2782	5238
1893	4731
3568	5164
709	2995
4889	5185
706	5321
257	5229
3403	5213
390	5164
525	2765
315	2955
857	5224
1057	3449
307	5166
4084	5431
2139	5137
1979	5185
1293	3805
1897	4737
176	3291
793	3110
3390	5508
2606	5283
3123	5164
1172	5730
1704	4428
4207	5272
121	5161
230	3756
2140	5138
3241	5156
748	5439
401	5215
437	2657
2647	5171
110	2262
3640	5161
2143	5143
1768	5266
1105	4922
1666	5484
4033	5321
4349	5212
1038	5277
427	5352
254	5052
4518	5664
4056	5224
1382	4678
33	5169
4240	5161
2035	5731
1308	3825
44	5178
2352	5258
1121	3590
2344	5254
1074	3478
2478	5254
1072	5620
4316	5156
4556	5254
34	5170
3925	5271
931	3286
180	5224
4673	5430
2345	5255
3594	5171
5077	5254
2337	5251
1668	5156
480	2712
819	4164
383	5174
1470	5257
2369	5203
4562	5333
1335	5212
3073	5176
1726	4459
1860	4688
214	4956
1034	3414
4278	5165
847	3179
2217	5191
4371	5213
1678	4388
1464	4050
1444	4975
4624	5164
4979	5212
859	3827
2114	5098
2414	5247
4076	5152
4180	5618
564	5227
1045	3428
59	2202
858	3193
1754	4499
770	3080
949	3311
453	5359
4069	5292
1130	5458
789	5165
4559	5156
635	2892
412	5178
1964	4866
4988	5153
1034	5341
255	3016
717	5176
95	2798
67	5180
771	3081
950	3312
4797	5213
1939	4809
4401	5213
4172	5161
2386	5269
1385	5455
581	5401
1407	5214
1613	5462
1264	5165
1479	4070
3324	5180
1533	5210
4376	5156
73	2221
1968	4872
248	5191
919	5167
726	3015
3294	5237
1172	5576
2721	5375
1623	5103
1334	5229
729	3020
649	2911
2292	5198
918	3710
3284	5372
3874	5174
3901	5277
2651	5316
4638	5161
132	4378
1689	4410
1903	4748
5050	5743
4010	5592
3829	5288
4555	5163
810	3130
730	3021
650	2912
832	5247
442	5178
1393	5171
2587	5151
1299	5164
56	5142
1654	5212
653	2917
121	3322
3321	5375
2273	5220
517	2913
4163	5398
4977	5157
178	5253
4149	5234
852	5463
1438	5178
766	5194
1135	5177
1617	5180
1545	5161
2027	5164
1442	4016
675	5421
2695	5214
2043	5288
3003	5187
1081	3485
4296	5289
2389	5144
1084	3490
12	2224
1397	3950
4697	5224
1643	5174
309	3908
17	2159
3062	5272
2358	5156
4124	5182
906	5475
1398	3951
751	4369
1329	3851
4071	5292
2488	5271
2191	5164
2004	4929
1732	4470
1109	5245
14	5158
864	3199
864	5185
970	5495
4193	5174
696	2977
1780	4546
4707	5395
4633	5180
1251	5185
4625	5176
1201	5364
2731	5379
461	5325
865	3200
1277	3782
1672	4949
2348	5232
956	3318
697	2978
283	3747
769	3083
3889	5436
3440	5201
447	5018
4888	5177
2780	5271
185	5390
5094	5282
223	5273
523	5385
886	3222
812	5259
2042	5162
2127	5120
223	2649
1978	5177
4314	5176
4377	5641
761	5442
1055	3445
2632	5292
887	3223
2739	5275
780	3097
3477	5204
5020	5338
2128	5121
3488	5213
717	5143
425	2640
3509	5156
942	5490
915	4490
4293	5238
230	2401
2738	5166
1879	5176
3533	5486
91	2242
3163	5458
618	3565
1553	4188
3962	5254
5002	5176
2740	5212
1232	5185
525	5323
333	2529
318	5030
3865	5321
2041	5174
2101	5225
2087	5061
1368	3913
972	5145
1217	5550
1696	5176
1554	4189
1375	3921
1043	5434
4478	5255
3219	5331
564	2812
4226	5305
130	2291
468	2695
4679	5430
431	5171
35	5171
1020	5157
923	3275
10	4360
1720	5654
4956	5186
842	3170
665	4291
36	5172
719	5165
3362	5501
2102	5081
4119	5443
845	5161
591	5165
4111	5210
157	4415
3926	5430
1338	3867
2610	5344
678	2954
117	4464
144	5235
2733	5185
397	5272
754	5164
4909	5720
1442	5272
837	4524
118	5182
621	5165
61	2204
2852	5407
4902	5717
3584	5176
1145	3593
1262	5161
3922	5580
2087	5195
309	5164
4387	5271
637	2894
327	4129
246	5224
546	4582
2197	5183
2761	5225
861	3196
1780	5272
583	5403
784	5164
328	4130
1221	5165
215	2383
2566	5314
1984	4895
3416	5341
2148	5146
1273	4574
4649	5392
491	5176
72	5192
735	5164
1905	4750
4623	5605
2149	5147
3888	5156
516	4302
732	3023
3464	5237
4549	5161
2072	5272
1177	3639
858	5234
3621	5337
111	2267
1073	5159
350	2549
3318	5299
1382	3928
3976	5156
262	2436
1502	5156
46	5176
1204	5462
2987	5428
57	5185
2357	5261
1243	5161
546	5233
1178	3640
112	2268
1743	5218
351	2550
4640	5550
2131	5214
263	2437
264	5254
4716	5688
1836	4628
691	5178
1506	4115
1402	5455
287	3553
132	2447
19	2161
4461	5174
4651	5680
1400	3953
1368	5578
3767	5288
4762	5696
20	2162
1349	5156
517	5183
17	2502
1717	5323
300	2970
95	3733
163	2327
1734	4472
4652	5681
2528	5156
2553	5329
654	5417
695	2974
365	5314
1618	4297
866	3201
5134	5275
401	2613
1224	5161
4355	5165
1444	5164
1952	5225
1630	5174
1735	4473
480	5237
2127	5751
4901	5338
867	3202
1279	3784
2391	5272
1130	3841
5013	5399
508	5484
2044	5164
1280	3785
3450	5409
324	5254
2792	5323
3229	5324
1782	5164
87	5198
5003	5736
1480	4075
82	2230
782	3099
1440	5171
1740	5283
4001	5288
1650	4343
2155	5153
4851	5458
232	2403
4917	5174
2594	5343
71	5195
2085	5057
2258	5165
4289	5462
398	5324
1159	3616
1391	5171
2074	5164
93	2244
233	2404
20	5149
1436	4010
4417	5647
1756	5412
1367	3910
4714	5345
4499	5191
2378	5166
537	5375
2089	5063
1556	4191
240	4105
1601	5245
833	3158
240	5682
566	2814
1198	3665
15	5155
2084	5744
986	5243
2280	5161
3339	5325
241	2874
958	5144
1641	5174
2257	5177
974	5497
837	4854
1199	3666
1512	4126
306	2594
281	3175
27	5165
3805	5246
536	5271
1515	4131
284	2463
1214	4957
2696	5224
911	5185
516	3752
3364	5503
4693	5528
3700	5309
3617	5540
1093	3504
4544	5176
1516	4132
3234	5164
2838	5164
1096	3509
947	3795
3267	5161
174	5220
3218	5156
1864	5187
2130	5752
3647	5153
3671	5547
5066	5746
3498	5210
2865	5154
1097	3510
191	2356
3233	5284
3428	5151
4204	5372
2853	5408
1700	5237
1286	3791
4132	5612
4236	5324
4880	5246
1882	4719
114	5290
3375	5224
192	2357
1889	4727
946	4100
859	3803
2929	5174
2854	5409
3949	5267
1853	4661
3473	5158
790	5164
516	4632
2014	5661
465	5224
2188	5176
4776	5539
789	3106
2586	5185
522	2762
2418	5229
4885	5711
4080	5314
463	5565
99	2250
480	3519
1938	5415
4139	5369
213	5161
2642	5351
1079	3698
1379	5271
993	5501
2705	5178
100	2251
3381	5461
1987	4898
4232	5267
3480	5174
393	5213
110	2264
1746	5595
748	3046
71	5162
281	4477
1179	3641
2613	5180
132	4534
1214	4273
1132	3566
352	2551
4061	5156
1384	3930
2503	5308
3931	5455
4195	5156
2937	5420
562	5399
3862	5212
1249	3742
665	4588
4156	5164
1180	3642
1565	4207
114	2270
2920	5187
4416	5389
265	2439
1457	4036
1489	5151
214	5246
555	5396
575	5225
729	5283
1042	5514
4433	5149
1246	5164
1279	5161
3623	5460
4088	5151
0	2141
4710	5314
2737	5187
717	5165
2326	5244
4117	5443
3366	5166
2472	5298
474	5178
843	5161
306	5185
801	5164
234	5462
1167	5221
1929	4790
3059	5243
1367	5166
935	3294
22	2164
660	5161
2090	5152
165	2329
1143	3588
2335	5185
1681	4395
4951	5152
631	2888
403	2615
1164	5337
3861	5229
3866	5573
884	4645
3027	5183
583	3256
261	5191
1682	4396
4179	5166
4691	5686
3365	5178
3593	5185
3197	5185
1226	3707
308	2499
879	5469
274	5246
1053	5213
4475	5164
2073	5040
4318	5446
4953	5728
983	5297
3787	5401
1227	3708
309	2500
3000	5430
234	3489
1765	4515
89	5200
880	5470
2939	5420
152	2516
3280	5484
4645	5166
4199	5345
1348	5166
2897	5194
125	4076
1012	4951
2157	5155
122	3396
1113	3542
4030	5164
2786	5363
617	5590
1376	4181
906	3249
1443	5174
1382	5164
2615	5215
3099	5185
4910	5213
2031	5164
235	2406
4599	5171
653	2919
1438	4012
3535	5486
1885	5226
4721	5691
3687	5471
1608	4280
4608	5176
769	4119
4611	5676
1199	5164
3317	5492
1427	5171
1136	5224
463	5653
202	5203
2904	5210
507	5430
1319	5345
5116	5439
1509	4831
861	3447
1200	3667
4291	5176
490	5377
1841	5161
2837	5156
1866	4696
270	4556
1201	3668
1514	4128
3467	5143
4702	5161
640	5321
28	2170
2079	5743
286	2465
2316	5161
3276	5203
2670	5164
2736	5338
548	5323
1206	5180
628	5203
29	2171
5126	5753
212	5145
1518	4134
3008	5159
1929	5166
1877	4710
952	3314
4276	5174
1510	5182
2014	4944
2749	5164
4790	5166
1871	5161
3994	5195
4591	5185
725	5257
2791	5166
2997	5271
1809	5185
5070	5156
3137	5165
194	2359
414	2628
1691	4412
3517	5157
4155	5185
182	5094
1624	5176
1583	4241
294	5155
523	2763
306	4226
3109	5448
182	2470
3089	5210
3537	5486
1920	5174
10	4758
2004	5582
791	3108
4513	5652
524	2764
4849	5458
3286	5266
915	4492
329	2525
101	2252
1292	3804
3159	5161
1969	5709
330	2526
508	5156
995	5503
102	2253
3117	5164
4834	5185
1671	5643
618	5373
1124	3555
1380	5430
1662	4362
2690	5213
1962	5706
207	5164
3581	5155
1528	5185
493	5378
1134	3568
3418	5277
1018	3393
74	5165
3756	5272
2388	5176
1955	5703
167	5213
1135	3569
998	5141
51	5181
1490	5603
43	5177
1459	4038
1081	4501
849	5161
2879	5413
549	5394
2596	5290
964	5493
244	2543
583	3995
1782	4548
2810	5399
2623	5164
5055	5539
2	2143
4370	5436
1519	5257
933	3290
2336	5250
2592	5176
550	5395
2328	5246
2482	5304
479	2711
1576	5382
349	5225
3260	5226
56	2199
622	2876
1786	4554
3780	5341
1397	5267
1931	4792
3772	5337
3986	5446
4489	5658
1571	4220
1670	4379
1141	5161
937	3296
1804	5362
678	5171
4253	5152
483	2717
57	2200
1142	3585
4667	5435
4637	5672
3405	5171
614	5272
2915	5164
1198	5143
3049	5164
633	2890
837	4526
2061	5023
3288	5180
2133	5128
319	5174
1753	4498
65	5178
2017	4953
1014	5507
1157	5147
4206	5341
406	2618
2134	5129
2896	5415
310	2501
980	3644
1422	3989
4029	5156
3633	5156
1659	5393
993	5569
1984	5715
1472	5158
1329	5338
1241	5225
2515	5314
2911	5171
3527	5174
250	5232
108	2259
907	3250
1228	5557
543	5225
1729	5430
1054	5520
1318	5221
5061	5195
1046	5516
347	2546
3329	5194
3770	5282
1995	4911
259	2433
3755	5531
3876	5449
373	5307
1722	5161
635	5164
1607	4277
2531	5187
1039	5513
4825	5332
4946	5213
2978	5238
182	5712
4566	5337
4527	5266
94	5599
254	2619
1935	5161
1269	5337
751	5640
270	5187
396	5183
3348	5185
1396	3949
817	5176
3057	5238
4760	5324
3879	5575
4157	5174
3895	5174
1039	3419
159	2323
2555	5256
601	5408
2009	5726
30	2172
736	5187
851	5174
63	2206
2205	5143
493	5237
1577	5574
3236	5474
3613	5195
4777	5678
1345	3876
1265	3767
1059	5468
591	3148
602	5409
5079	5225
31	2173
207	4205
3629	5176
863	3198
1527	5164
954	3316
1036	5341
4803	5672
74	2220
217	2385
370	4613
955	3317
1581	4237
110	3225
2372	5261
5047	5394
699	5426
1968	5171
1584	4242
182	4907
78	2226
4012	5178
416	2630
1800	4577
3546	5528
1693	4414
4829	5171
1793	5584
2151	5149
5105	5749
2051	5736
5056	5744
1897	5412
2516	5161
4957	5213
4225	5178
941	5489
176	5543
331	2527
4529	5180
156	5155
63	2749
3067	5156
4597	5171
95	5145
3837	5303
917	3267
5037	5177
3088	5444
4106	5607
562	2810
4103	5193
4425	5244
1216	5549
1949	5171
246	2461
466	2693
2121	5283
91	4393
1020	3395
1718	5652
3028	5435
3645	5254
467	2694
698	5187
3012	5161
1774	4537
3097	5156
5023	5171
749	5152
223	5222
1784	4550
176	5147
3630	5210
1737	4475
932	3287
4446	5653
1072	4201
4083	5601
37	2179
239	5166
71	5210
3332	5144
481	2713
4627	5176
1624	4305
2874	5232
3686	5147
113	4389
1655	5195
774	5446
1282	3787
273	5164
265	5160
3349	5498
1526	4147
3176	5161
1123	5191
1850	4653
4315	5205
625	2879
3596	5375
2616	5238
32	3008
492	5324
4068	5599
121	4514
3598	5155
161	5224
67	3231
1755	4500
785	3102
3253	5157
3776	5161
636	2893
2271	5176
1161	3618
516	4634
212	5046
95	2246
719	3007
303	5164
691	3174
443	5324
2589	5342
449	2774
976	3343
2347	5171
4471	5430
3392	5171
96	2247
214	2382
2088	5176
1983	4894
1182	5254
979	4400
338	2534
1837	5185
1079	3700
1373	3918
3157	5161
1660	5143
463	4520
260	2434
3503	5389
3115	5164
121	5165
811	3131
4300	5324
729	5164
1176	3638
110	2266
3835	5224
349	2548
3015	5342
3573	5224
1075	5392
261	2435
585	5156
4577	5309
3160	5171
4016	5272
840	3167
3297	5176
284	5164
4210	5143
3550	5213
3676	5352
182	4887
3844	5165
1922	5678
2333	5249
233	5118
387	5176
1105	5276
4110	5284
3939	5582
180	3651
2170	5142
3794	5164
3928	5164
5101	5201
2092	5717
1770	5666
1685	5213
2676	5359
3248	5176
711	5236
769	5443
4989	5374
212	5180
204	5176
161	2325
686	2964
368	5693
2578	5201
2933	5249
644	5182
1596	5220
1416	3978
379	5293
1267	3769
71	2962
2660	5356
734	5341
162	2326
4465	5224
500	5174
1050	5232
3612	5165
393	2604
71	4768
66	2209
4049	5166
1996	5721
823	5455
4753	5398
3968	5586
4411	5289
53	2275
2724	5376
1529	4156
1896	4736
957	3319
4422	5155
872	5167
1004	5237
95	3669
822	5346
272	5288
1252	5159
4264	5212
80	2228
220	2388
2725	5377
3752	5180
717	5409
2142	5142
2153	5151
1354	3894
694	5425
5064	5152
2505	5310
3957	5585
3819	5355
2154	5152
1656	5284
231	2402
2077	5048
1434	4008
2806	5194
3691	5471
267	2441
2269	5218
3840	5185
4429	5171
4985	5389
1006	5404
2107	5156
4764	5161
3991	5174
3941	5582
1856	5165
4170	5176
1222	5702
848	5461
1291	5164
1186	3650
5102	5156
4706	5156
359	2560
1166	5541
1857	5166
1555	4190
769	4121
4185	5161
1772	4533
2184	5152
2772	5322
3725	5176
7	5146
1482	5225
1728	4463
71	4493
1197	3664
1510	4124
1862	4692
131	2292
3083	5443
24	2166
469	2696
193	5156
1077	5176
655	5187
1142	5534
1776	4539
3583	5357
2116	5102
1503	5284
1763	5652
897	5474
789	5532
4655	5231
1111	5174
10	5156
938	4608
1195	5545
223	3988
3798	5430
114	5213
871	3206
1848	4649
1095	3508
189	2354
1579	4232
3151	5210
4692	5234
872	3207
1051	3438
1284	3789
3406	5436
122	3761
4025	5185
190	2355
830	5196
3518	5497
3554	5191
3791	5363
1052	3439
115	2935
1285	3790
1611	5352
1881	4718
2194	5178
92	5203
4937	5186
212	5268
298	5271
1971	4877
87	2235
787	3104
2812	5227
254	4447
3665	5143
316	5325
3401	5213
652	2916
2776	5390
352	3292
1163	3620
1361	3901
97	2248
237	2408
182	2472
121	2642
4063	5598
2380	5161
4419	5196
2514	5161
2600	5164
4614	5292
2718	5156
2618	5218
4966	5185
1164	3621
98	2249
2467	5165
1985	4896
1441	4015
1812	4596
240	2827
340	2536
2584	5341
1986	4897
338	5321
1014	3389
1247	3740
96	4167
3303	5442
747	3045
3086	5444
1088	5324
3688	5549
246	3288
1066	5156
571	2819
670	2941
2381	5246
1944	5245
376	2580
1015	3390
288	2467
4771	5661
281	5460
3531	5156
1331	3855
3516	5442
4950	5254
1186	5194
4078	5145
3615	5155
1520	4136
1028	5394
3230	5164
3827	5154
4350	5195
4671	5430
1573	5194
4275	5201
2550	5176
4013	5201
2885	5166
1545	4723
3184	5462
2686	5365
1096	5156
3610	5341
2215	5191
53	2196
182	2835
140	5233
583	5165
167	5107
1420	4319
934	3293
4256	5309
115	5176
1358	5161
271	5164
753	5167
54	5166
959	5272
3721	5559
636	5405
164	2328
777	5152
3226	5171
3528	5164
1680	4394
788	5161
68	2211
526	5161
130	5161
4337	5153
1522	5614
1810	5672
947	5154
1483	5314
1636	4324
526	2766
220	3248
2201	5185
2193	5181
5068	5717
622	5214
1273	5324
3439	5171
4036	5161
1294	3806
384	5342
1102	5442
794	3111
3128	5166
2012	5663
4580	5670
1531	5210
1541	4437
293	5303
3911	5166
104	2255
930	4054
1773	5497
222	2390
1647	4338
3850	5156
2144	5144
1425	3996
1516	5612
240	4659
275	5291
2375	5193
798	3117
126	3325
556	5161
3670	5225
105	2256
1840	5672
68	3500
478	3255
1651	4344
2156	5154
1176	5283
4462	5161
1112	5527
3025	5194
2629	5194
1415	5156
4560	5324
269	2443
1266	5176
4879	5449
2438	5254
4931	5725
111	2680
4127	5176
576	4177
4	2145
270	2444
306	4087
1185	5224
2346	5256
1546	5166
3009	5191
1610	4284
2681	5362
1727	4460
4904	5218
1327	5164
1035	3415
4229	5574
848	3180
1864	4694
2085	5745
2108	5091
1465	4051
26	2168
4020	5171
485	2719
2094	5156
2903	5182
1205	5174
1036	3416
1023	5283
1792	4562
1238	5171
1865	4695
2745	5382
2384	5260
692	5183
27	2169
4066	5174
4657	5233
5051	5389
3644	5185
1972	5166
5022	5740
953	5187
170	2334
3031	5187
802	5171
1958	4859
3921	5579
4654	5164
862	5185
1451	5171
1617	4300
19	5548
1651	5345
951	3313
1744	5164
3857	5185
2110	5401
1959	4860
1639	5636
1713	5585
2137	5275
4382	5644
4404	5174
4440	5585
1969	4873
412	2626
4280	5224
1972	4878
4896	5227
4383	5645
1287	3792
1944	4816
287	4846
1150	5364
1539	5176
1827	5463
512	5193
1690	4411
182	4909
5132	5211
317	2510
1155	3609
869	5467
89	2237
4138	5176
654	2918
3221	5324
2274	5221
1947	4826
790	3107
3050	5213
1626	5185
3712	5189
1119	3548
914	5065
2763	5385
2757	5225
538	3911
1443	4017
1814	4598
1948	4827
3635	5314
2259	5214
495	5261
207	4040
2432	5285
1951	4832
1307	5176
1796	5224
1319	3838
4982	5164
283	4215
356	5331
1016	3391
1661	4361
4	5145
2862	5283
669	2938
537	5608
1133	3567
327	3583
2859	5214
378	2582
1017	3392
1330	3852
1521	5369
696	5143
127	4806
2454	5165
687	5323
2787	5225
3081	5443
819	5479
2005	4930
714	5197
2203	5174
2021	5283
33	2175
379	2583
182	3875
1564	5187
298	5218
1921	5232
34	2176
2410	5280
214	5224
2327	5245
71	5212
1078	5186
1625	5584
4987	5484
55	2198
621	2875
3631	5442
3471	5224
136	5161
771	5443
306	5343
3655	5161
2312	5238
2593	5337
2835	5279
2304	5234
2964	5164
3993	5565
5033	5716
4874	5171
2129	5194
2202	5186
864	5607
180	4337
121	5154
665	3820
891	3229
1482	4079
1635	4321
3052	5213
448	5283
2132	5127
3246	5227
952	5311
2506	5225
151	5176
528	2768
2176	5170
1683	5646
2016	4952
323	5288
296	5271
425	5156
3570	5324
1990	5717
1483	4080
4610	5246
3964	5214
1982	5713
1296	3808
4178	5323
1501	5260
1700	4423
1828	5246
399	5283
2136	5133
1382	4671
4813	5196
3222	5400
334	2530
3289	5161
699	5166
106	2257
1736	5657
2024	5715
4488	5256
578	4876
3736	5392
3414	5341
1369	3914
2581	5340
946	5272
641	5161
800	3119
2305	5176
107	2258
3201	5233
3898	5161
1382	5430
1370	3915
250	2423
3204	5467
2777	5171
2863	5174
578	5635
257	2431
480	4691
611	5174
4763	5316
1086	5324
3125	5359
1830	5147
3461	5165
1554	5249
5122	5254
2932	5166
3523	5225
1547	5618
221	2895
152	5239
3311	5342
2675	5244
2741	5189
7	2148
2229	5194
2639	5178
2001	4921
2683	5364
2476	5300
1037	3417
4449	5161
1674	4383
449	4824
3742	5156
145	5236
607	5410
2110	5093
1467	4053
1566	4212
1271	5161
487	2721
3182	5462
4779	5152
3692	5155
838	5459
589	4346
1038	3418
1675	4384
287	5176
4393	5202
884	5166
600	5407
1426	5220
488	2722
62	2205
4287	5629
518	5225
67	2320
172	2336
1222	5161
1356	5161
3821	5570
3654	5164
4344	5345
2652	5354
1069	5333
1113	3533
953	3315
866	5233
1961	4862
4222	5621
1172	3884
216	2384
3627	5295
3110	5185
1464	5224
71	3723
53	2277
493	2778
4688	5685
1762	4509
1249	5156
1637	5152
4507	5344
1536	4166
3992	5164
902	3242
77	2225
230	3487
4011	5177
4908	5279
4506	5156
1692	4413
797	4766
447	3601
747	5174
4712	5224
4718	5155
223	3856
4255	5165
67	5186
1328	5156
3421	5311
4695	5400
4994	5733
4205	5164
977	5227
1679	5499
1120	3549
625	5413
2256	5165
399	4841
4925	5224
3951	5284
1635	4409
1721	4449
1161	5164
2360	5259
2206	5164
415	5194
918	3716
1975	5268
355	2556
454	2678
1659	4357
4022	5164
4250	5171
4717	5689
4451	5161
4470	5174
5092	5337
1390	3940
1914	4763
2073	5165
2582	5271
1321	3840
4648	5217
1748	5225
455	2679
1907	5398
1580	5232
182	5373
2243	5204
4268	5341
327	5611
506	5204
1815	5171
814	5177
1620	5161
67	5428
306	5444
1789	5527
4089	5603
769	3076
689	2967
110	3403
1027	3600
2554	5330
35	2177
1459	5243
281	5616
3698	5309
824	4323
4281	5401
811	5436
1622	4303
2119	5109
3379	5300
4082	5600
481	5152
36	2178
868	3203
2396	5274
179	2343
4831	5395
1623	4304
871	3208
2180	5161
1300	5191
623	2877
609	2979
5036	5455
122	4581
4766	5185
5041	5161
88	5199
644	5151
382	5151
2462	5224
1070	5259
1852	4657
83	2231
896	5143
2311	5171
421	2635
560	5194
1484	4081
1113	5486
2423	5232
2965	5323
1357	3897
4123	5609
2079	5050
2178	5172
84	2232
2018	4954
2984	5156
2876	5214
1536	5180
4921	5180
540	5215
1485	4082
2430	5164
1387	5582
911	3258
1981	4892
2080	5051
2179	5173
4055	5596
2957	5324
182	2474
336	2532
495	2934
836	5213
32	5159
849	4923
2090	5064
1371	3916
3642	5543
3961	5143
2891	5229
1557	4192
3694	5553
3281	5155
1044	5364
337	2533
829	5210
1560	4197
273	3006
279	5152
975	5493
1121	4564
298	5165
1742	5177
738	5437
1372	3917
1105	3802
237	5155
2576	5339
567	2815
3695	5554
2094	5070
489	5376
2394	5182
5112	5283
1485	5600
5016	5166
4677	5471
3758	5201
4508	5662
1221	4278
838	3165
1486	5601
4742	5191
326	2990
67	2650
924	3762
836	3878
3759	5431
988	5324
586	5164
839	3166
1467	4684
3822	5221
1567	4213
2052	5194
67	3818
2654	5299
1097	5267
42	2184
1173	5156
5115	5180
2470	5298
684	5214
799	5164
1629	4310
791	5160
1568	4214
3124	5450
1319	5316
3702	5161
2794	5395
17	5165
928	5165
2317	5241
2309	5237
1883	4720
4040	5156
113	5218
64	2207
179	2948
795	5166
114	3605
888	5214
463	3530
3739	5164
1884	4721
1588	5625
1074	5224
126	4253
3762	5562
2931	5176
609	5161
23	5180
3902	5227
281	5704
1665	5436
1750	5660
3732	5161
289	5299
121	3128
3	2727
218	2386
209	2603
3761	5224
426	5161
1411	5147
219	2387
764	5156
1988	4899
1429	5164
1976	5333
95	4652
4728	5161
2829	5249
2504	5309
2496	5305
819	4045
1172	5395
3714	5233
246	3774
1317	5224
1760	5156
4899	5430
2497	5306
304	5176
266	2440
118	2276
1955	4843
357	2558
5130	5442
1389	3937
1375	5579
1185	3649
4262	5223
1257	3754
2443	5191
358	2559
677	2950
2234	5197
2245	5206
184	5232
1023	5164
1188	5460
4247	5625
4924	5724
1190	5161
2095	5267
4027	5176
53	5306
1790	5156
1924	5156
936	3295
4310	5272
4962	5161
1230	5233
4290	5177
894	5284
32	3562
485	4936
166	2330
691	2969
1144	3589
2986	5182
603	2856
3792	5166
3602	5185
70	2213
32	3153
3304	5491
327	5316
2118	5106
434	5299
681	5176
585	5288
2162	5149
167	2331
71	2214
870	3205
1686	4402
121	3612
4788	5166
408	2622
1282	5401
1558	5156
1948	5225
5117	5750
4795	5699
5015	5739
1098	5171
4963	5283
1228	3709
2379	5268
5095	5439
1851	4654
52	4680
90	5201
101	5210
1121	5303
235	5210
4187	5178
4415	5185
511	2750
85	2233
208	5193
2082	5161
1622	5176
1428	3999
91	5202
2158	5156
1359	3899
2169	5165
1065	5524
2268	5144
2649	5164
2828	5395
198	5264
2159	5157
1835	5176
3111	5195
4847	5458
1614	5177
1107	5526
120	5201
272	2446
752	5069
628	3276
578	5670
2084	5099
2298	5171
837	4847
1638	5241
4235	5232
339	2535
759	5193
878	5144
0	5141
569	2817
132	4802
2974	5161
337	5320
2797	5156
2406	5271
4447	5236
669	2940
2667	5275
64	5161
1148	5535
1664	4368
1261	4658
4086	5602
185	2598
287	2466
120	4275
330	5317
4730	5295
480	4438
2831	5154
1089	3499
2294	5178
95	3464
1333	3859
4003	5195
1871	4703
3659	5156
23	3933
1519	4135
2363	5165
4927	5171
1522	4140
44	2186
610	2863
1216	3688
2439	5160
1703	5649
1234	4496
2760	5215
3065	5442
2465	5297
1885	4722
2055	5399
695	5041
874	5272
3892	5256
240	5400
4431	5650
3982	5558
45	5161
4444	5323
3456	5448
1997	5722
518	2757
201	5265
792	3109
3489	5216
1838	5177
2842	5405
132	5165
1406	5254
795	3114
2192	5180
1199	4961
3810	5567
3826	5395
660	2926
1060	3454
1110	3800
1816	4600
3878	5213
884	3228
1063	3459
3628	5267
273	5289
796	3115
345	5165
103	2254
1382	4673
1817	4601
691	3178
691	5164
246	2419
1449	4025
266	5286
4968	5715
3948	5393
1084	5324
859	4568
1245	3737
1019	3394
4770	5321
879	5220
3716	5272
3944	5279
1060	5152
246	5164
1434	5213
447	5154
4480	5259
884	5155
1635	5203
895	5164
268	2442
1139	3575
2235	5198
3107	5164
126	5476
4353	5154
1593	5322
3	2144
255	3528
3981	5282
63	5164
114	5538
360	2561
2236	5199
1248	5324
436	5180
4616	5155
1609	4283
843	3289
1360	5156
4604	5675
1787	4555
2680	5361
702	5156
729	3712
773	5445
1671	4380
938	3297
2468	5298
484	2718
58	2201
3452	5468
200	5174
1887	5661
168	2332
1446	5164
627	2883
1791	4561
1956	4857
4014	5171
3920	5164
939	3298
4781	5609
1545	5323
1121	5404
1823	5676
901	5221
95	5237
1091	5461
1305	5570
381	5185
3333	5224
111	5361
1534	5164
169	2333
1015	5508
1046	5575
1957	4858
3988	5155
308	5237
4568	5321
2770	5375
4279	5218
979	5176
5071	5267
410	2624
1347	3882
2138	5135
3458	5340
3873	5353
1113	3535
81	5194
1872	5164
2056	5739
441	5357
411	2625
1302	3816
802	3121
3605	5538
3969	5177
997	5166
109	2260
4612	5283
3544	5528
4884	5333
3817	5165
2160	5158
1303	3817
2509	5312
306	4265
902	3244
2025	4970
212	4078
626	5295
539	2783
351	5176
273	5665
2161	5159
1434	5468
496	5185
3870	5176
736	3031
4098	5183
1154	4776
1548	5161
67	4779
2265	5216
1145	5185
1277	5341
2029	4976
316	3268
5014	5155
3946	5171
1004	3376
4006	5185
737	3032
2762	5384
828	3150
3299	5180
4457	5237
2250	5209
3999	5591
2	5143
2536	5157
12	5193
3540	5242
339	5322
1507	4118
331	5318
3	5144
1040	3420
2598	5254
2020	5277
685	2963
5038	5224
3978	5244
377	2581
4526	5458
1699	5456
126	4576
4737	5412
1974	5166
1044	3426
4929	5582
1556	5178
32	2174
1873	4705
4822	5227
1208	3677
884	5014
317	5312
175	2339
2403	5279
1477	4067
2424	5222
1934	5215
126	4926
51	5161
4713	5176
315	3401
1478	4068
3625	5363
959	3323
472	5191
281	4162
3661	5545
79	2227
1366	5404
417	2631
422	2975
4023	5372
120	2524
2747	5210
1353	3893
960	3324
646	4031
3209	5155
1913	5393
5057	5745
215	5156
2287	5225
3722	5560
3400	5509
3098	5324
1805	5185
418	2632
4991	5162
3808	5191
1652	5537
2371	5224
1325	5142
527	2767
2076	5047
2310	5214
2175	5169
3463	5156
1234	5369
332	2528
2186	5178
4057	5257
1818	4602
278	5217
504	5380
553	5156
1833	5176
1916	4765
2631	5156
160	5161
4978	5164
4259	5248
663	2929
2068	5716
182	2476
1819	4603
32	5161
1350	5436
248	2421
505	5381
1377	5310
2954	5171
3777	5324
1127	5364
375	5271
1691	5177
4990	5174
1324	5420
4841	5194
1594	5244
2422	5283
3227	5451
561	5397
4160	5210
1775	4538
2124	5180
2949	5177
3263	5224
1083	5213
1766	5243
884	3692
1923	4781
1025	3402
3444	5156
3724	5210
2436	5186
5	2146
180	5153
38	2180
1478	5599
475	2706
3801	5164
1822	5143
1672	4381
879	4516
1625	4306
6	2147
2682	5363
1700	5648
3419	5513
849	3181
1673	4382
4572	5541
2773	5338
3604	5266
5062	5176
2431	5229
492	2880
537	4114
486	2720
60	2203
5073	5185
3730	5225
524	5227
120	5223
1793	4563
3212	5156
455	2769
3250	5411
708	5164
4227	5622
2029	5185
2196	5182
176	5160
1290	3799
1709	5323
1009	5506
1487	4084
951	5156
2839	5404
1418	3984
3179	5243
3460	5342
554	3241
3595	5158
587	5404
3451	5522
4351	5321
820	5346
2832	5401
1888	5187
1181	5325
4510	5314
644	2905
1374	3919
3766	5161
805	3124
306	5655
1413	5338
1855	5683
1847	5679
2910	5176
2656	5180
442	2663
3507	5166
255	2428
4546	5272
240	4663
4241	5161
421	5349
4133	5219
2100	5078
2952	5178
1720	4448
2889	5238
4366	5161
2365	5152
843	3766
220	4541
558	5174
1752	5154
1584	5161
2101	5079
221	5180
1955	4845
2260	5215
287	2910
1011	5156
1467	5170
4747	5154
485	5226
121	5178
2823	5185
440	5303
1240	5164
1848	5392
2990	5182
4438	5158
1889	5164
915	5224
687	2965
927	4295
3397	5191
4658	5161
5054	5161
1504	5210
67	5472
84	2672
81	5141
4079	5225
2010	5161
3567	5193
4705	5687
1268	3770
688	2966
4868	5156
889	5171
1271	3775
1167	5295
67	2210
1254	5183
177	2341
3855	5224
1937	4804
1295	5566
1272	3776
4750	5694
450	3030
1644	5225
1802	4579
3980	5224
958	3320
1140	5283
4682	5230
86	5197
246	5186
292	5302
4191	5178
5042	5164
3919	5244
81	2229
221	2389
419	2633
3316	5180
3261	5244
1846	5216
4400	5288
224	2394
1355	3895
122	3578
71	5190
3438	5434
420	2634
1341	5574
2343	5204
4993	5164
2409	5149
2750	5213
1394	5171
1356	3896
1653	4348
2078	5049
4579	5295
2177	5171
2270	5219
2611	5283
1908	4754
1409	5299
3266	5480
451	5187
187	5257
182	2698
223	2699
1548	4182
1701	4424
910	3257
270	4617
1654	4349
2407	5224
4548	5164
924	5370
1587	5342
1801	5185
335	2531
2263	5216
665	2931
1289	5010
3641	5542
2945	5164
180	5254
3693	5552
212	5435
4761	5393
914	5478
182	5443
1559	4196
837	4849
2350	5220
737	5436
182	5034
8	5147
125	2285
2575	5338
2751	5155
470	2697
283	2462
2500	5164
123	5213
1322	5537
1777	4540
1563	4202
1462	5468
1922	4778
4420	5364
4426	5295
4397	5646
2975	5164
3368	5504
3360	5500
40	2182
606	2859
1086	3496
273	4519
182	5155
1884	5691
1648	5185
95	5681
1627	4308
95	3466
3279	5166
4372	5180
318	5201
41	2183
2117	5749
14	3886
2530	5164
3355	5161
184	2348
318	2577
240	5281
1628	4309
2299	5231
3319	5324
1286	5363
1616	5238
4802	5178
414	5254
955	5492
1631	4314
2056	5015
2793	5394
4463	5483
513	2752
633	5212
3591	5145
4347	5537
4711	5176
1695	5647
1973	5246
1755	5661
2300	5232
3205	5338
5098	5176
2198	5184
5049	5171
104	5213
627	5254
1499	5183
1999	5649
514	2753
88	2236
518	4035
1417	3981
1975	4883
2844	5332
717	5147
2293	5229
1362	3902
1493	4385
3856	5155
2653	5355
1008	5210
840	5254
531	5322
3195	5266
4254	5201
2898	5159
374	5338
3018	5224
132	2952
3769	5272
327	4997
79	5161
71	5157
1813	4597
236	5224
417	5156
1771	5354
4467	5430
1259	5322
260	5172
2827	5400
4406	5191
807	3126
447	2820
1382	4675
4873	5709
4312	5147
2518	5288
3140	5451
245	5229
1081	5321
516	4231
3624	5155
4744	5186
445	5748
3153	5161
671	2942
449	4815
264	2438
2567	5180
3243	5463
1605	4274
3095	5156
3771	5439
752	3052
3985	5282
1781	5668
819	4799
488	5337
12	5228
356	2557
576	2826
755	3057
578	3424
4158	5210
2620	5191
1800	5309
927	5155
167	5516
1256	3753
756	3058
4399	5272
2244	5205
3779	5564
1820	5143
618	5159
400	5345
3935	5582
1046	3879
3380	5180
3790	5164
306	3086
133	5230
447	5277
251	5222
3786	5459
53	2497
1106	3521
1935	4800
957	5527
1532	5615
690	2968
439	3472
3653	5460
69	2212
3774	5341
2888	5248
1107	3522
310	5307
1936	4801
818	5454
758	5174
2998	5236
843	3183
1093	5164
452	3261
413	5176
768	5224
1532	4159
301	2491
1685	4401
3564	5238
73	2218
1316	5209
556	5341
2980	5187
3891	5224
2917	5247
2850	5257
1641	4331
2146	5141
1580	4235
2883	5254
1694	5389
1533	4160
1680	5225
1113	3537
1426	3997
1919	5507
637	5414
276	5292
890	5451
603	3960
3589	5187
433	5355
2857	5238
535	2779
1427	3998
3465	5237
4565	5439
1156	5341
2840	5185
1358	3898
2034	5201
1430	4003
1893	5225
4642	5393
1912	5324
1655	4350
3538	5486
2286	5156
3984	5164
1526	5288
2492	5261
2748	5187
189	5259
579	5185
3394	5478
912	3259
683	5422
59	5186
271	2445
2359	5262
1987	5619
362	2563
4664	5682
274	2450
182	5256
913	3260
4364	5161
1248	4233
4260	5220
2603	5213
916	5480
924	5075
363	2564
4493	5162
1193	3659
1493	5232
127	2287
1518	5176
665	5080
2109	5092
5018	5392
3575	5531
2368	5203
4407	5238
285	2464
2943	5254
2689	5258
1082	5405
1663	4367
1869	4701
1081	5180
1517	4133
3923	5310
171	2335
4017	5174
608	2861
2057	5166
1649	5637
1870	4702
731	5183
656	5418
3017	5324
1521	4139
4131	5195
43	2185
3680	5259
4073	5599
471	5372
4477	5460
110	5213
1035	5185
193	2358
413	2627
709	5429
2220	5165
1030	4023
4644	5164
4872	5171
114	5219
2951	5271
389	5195
1053	4946
1399	5583
1156	3610
1825	5166
516	2755
189	2360
114	2595
5099	5744
1977	4885
1804	4585
17	5143
740	5272
2449	5289
1364	3904
212	4744
223	4982
4362	5185
831	5247
1157	3611
762	5147
4218	5177
322	2517
5024	5161
843	3909
2277	5182
1006	3378
2585	5155
1570	5177
1815	4599
244	2417
307	2882
1123	3554
1062	3458
1593	4257
1010	5254
4458	5194
185	2776
1320	3839
1954	5288
3690	5551
2102	5186
1916	4767
1323	3844
4617	5187
245	2418
743	3040
1448	4024
2572	5337
557	5393
298	3592
1324	3845
4327	5241
1920	4773
100	5154
2046	4998
2877	5155
1795	5416
2802	5161
1963	5229
3063	5165
1739	5255
1	2142
380	2584
1138	3574
757	3059
1210	3679
4861	5705
254	4165
968	5494
1407	3964
3161	5215
1258	3755
962	4925
758	3060
1211	3680
472	2703
3402	5161
2334	5177
2648	5224
1214	3685
2474	5300
49	2191
494	5165
2942	5176
3875	5201
4603	5674
2062	5243
1411	3970
837	4521
3429	5151
1863	5528
1728	5483
2669	5283
943	5442
1108	3523
4129	5611
841	5165
833	5161
2759	5176
2893	5405
1342	5267
706	2991
571	5161
1515	5195
240	5290
696	4109
3883	5326
3325	5178
3432	5161
733	4176
2972	5176
72	2215
3327	5224
1983	5714
4039	5164
1534	4161
303	2493
751	5213
71	5225
306	3959
371	5337
2137	5134
813	5453
1163	5157
263	5166
1643	4333
533	2775
52	2322
1239	5561
1572	5621
554	5229
801	3120
3713	5152
1644	4334
5006	5254
1932	5375
4108	5156
3093	5178
537	2781
251	2424
3514	5171
2995	5429
1305	3821
2349	5254
4621	5677
1672	5155
4583	5156
2395	5141
4883	5268
1421	5164
3198	5465
95	4656
3239	5237
255	2430
3727	5171
182	5298
1981	5272
630	5345
364	2565
985	5164
3841	5458
1003	3375
4394	5225
589	5164
723	5164
385	3033
4143	5271
775	5174
1372	5164
220	4543
1364	5160
8	2149
95	5186
1	5142
365	2566
68	4674
1032	4049
158	5242
3426	5364
3393	5187
996	5178
1189	5164
1570	4218
3704	5165
2435	5191
3830	5161
572	4707
3505	5364
4749	5165
3257	5299
2013	5727
3191	5174
2060	5393
4643	5678
2115	5100
1472	4060
1941	5213
173	2337
492	2728
578	3963
3818	5186
2227	5161
3561	5530
4164	5451
1043	3425
182	5720
4169	5529
3652	5419
1872	4704
3462	5524
3013	5432
174	2338
493	2729
2402	5278
1224	3702
1962	4863
68	3748
1476	4066
2529	5319
3882	5472
583	5246
32	3157
4008	5468
10	5204
415	2629
646	2907
1575	5622
2522	5316
3660	5544
1261	5166
1250	5416
97	5208
1068	5525
727	3017
647	2908
1599	5161
2006	5170
1628	5633
4999	5735
98	5209
4460	5161
10	5325
23	3983
217	5246
194	5671
1311	5288
194	5262
4134	5176
324	2519
2428	5164
708	5483
1115	3543
2185	5177
661	2927
2284	5156
1125	3556
4684	5170
195	5263
2034	4981
1852	5233
839	5185
1915	4764
2427	5284
2033	5165
1562	5171
662	2928
203	5203
1169	5176
121	2281
399	3866
459	2685
1450	4026
371	2572
26	5161
3853	5543
1118	5130
2045	4995
1552	5471
837	4851
4832	5455
2048	5000
281	3172
3032	5436
1152	5537
30	5167
4828	5341
1903	5176
1212	3681
473	2704
2049	5001
884	3507
2880	5158
1308	5375
5026	5176
1922	4780
1126	5484
1409	3966
2808	5398
3077	5443
4018	5243
5127	5753
1814	5363
5074	5747
1706	5650
1274	3778
879	4560
474	2705
3002	5269
1518	4138
2397	5275
3	5155
180	2344
4631	5177
624	2878
214	4700
4592	5185
277	5165
4330	5185
2456	5217
2469	5299
232	5279
119	5222
843	5024
708	2993
628	2884
2868	5161
2218	5165
4257	5200
2692	5164
2845	5406
1289	3798
2446	5288
968	3334
2019	4955
3337	5496
318	5324
1486	4083
712	2999
2583	5293
2685	5161
2819	5161
1489	4088
3806	5565
807	5451
3828	5324
667	2933
4202	5156
2906	5165
4818	5245
2275	5182
803	3122
1707	4432
2413	5232
3547	5161
122	3547
122	5533
2638	5350
739	5438
440	2661
253	2426
645	5165
2095	5071
2563	5176
1953	4838
521	5215
2098	5076
2103	5191
3646	5325
4598	5363
1219	5553
1954	4839
815	4529
25	5164
3431	5516
2099	5077
2608	5183
1906	5665
4694	5187
3672	5462
211	5174
2519	5254
808	5164
1033	5511
3760	5166
4409	5203
2912	5185
2703	5191
4065	5164
1520	5257
1859	4686
3251	5176
2433	5187
2224	5193
3190	5166
3344	5224
3751	5462
3478	5224
4067	5439
946	5399
388	5337
2905	5182
3662	5161
1494	5204
2058	5017
1237	5282
1266	3768
3408	5510
2464	5296
94	4072
1207	5147
4093	5204
3743	5234
3749	5165
65	2208
4783	5156
306	3088
576	5164
1819	5674
815	5180
494	2730
3270	5167
3834	5209
4532	5165
699	3019
1045	3427
1456	5213
32	5594
979	5288
2628	5254
3508	5224
1528	4155
1876	5161
495	2731
1017	5171
5012	5738
1146	3595
1199	4919
1294	5565
3912	5164
185	3557
362	5176
12	5243
1801	4578
3457	5523
223	3440
648	2909
821	5232
5075	5156
4328	5636
2947	5421
1685	4403
1473	5158
834	5171
79	3432
1688	4408
4044	5468
3896	5161
3433	5171
3587	5229
1113	3539
4941	5161
5001	5212
3542	5486
1047	5171
785	5171
256	3738
19	3682
3512	5171
447	2668
1652	4347
900	5237
4188	5225
4837	5225
3265	5479
769	4116
1199	5161
1281	5459
651	5292
3133	5259
563	5179
4915	5675
4051	5341
2246	5207
123	2283
4459	5166
4709	5161
461	2687
3272	5194
3955	5224
1538	5529
163	5245
3632	5357
4618	5159
3990	5590
1370	5164
398	3570
124	2284
2003	4927
3026	5434
5031	5742
1154	5539
2139	5754
483	5191
1845	5164
5100	5167
3166	5185
604	2857
3237	5474
312	5309
466	5367
2411	5166
751	3550
1946	5332
2303	5224
2746	5156
4739	5161
1213	5710
717	4311
39	2181
605	2858
1276	3780
469	3980
321	5314
313	5310
467	5368
182	2346
2225	5161
2580	5209
1626	4307
2445	5164
1410	5586
560	5187
222	5271
2552	5147
3496	5324
1631	5176
2698	5201
2609	5272
460	5365
4313	5174
4332	5187
667	5249
89	5272
1445	5171
2664	5324
102	5211
1630	4313
2416	5222
4842	5703
1296	5191
512	2751
86	2234
3717	5185
4740	5692
701	5427
4628	5185
1675	5224
1360	3900
3070	5194
103	5212
2189	5179
1658	5171
1693	5537
2098	5177
1488	4085
2213	5164
4830	5176
428	2644
2948	5204
330	5376
4474	5657
652	5247
1609	5543
1965	5178
583	5147
1978	4888
2833	5402
332	5156
827	3149
1709	4434
2007	5180
1674	5645
20	5155
4734	5180
1771	4531
1007	3381
4216	5254
1698	5364
2075	5171
5025	5243
831	3155
2892	5164
1813	5171
1950	5176
786	5447
841	3168
1525	4209
1289	5430
753	3055
3196	5166
4181	5152
2489	5161
3501	5164
4725	5661
134	2296
254	4805
754	3056
5000	5191
45	2187
3106	5165
617	3990
4636	5180
132	5224
2712	5354
2866	5412
3056	5164
3469	5333
4120	5443
3047	5344
4545	5141
3804	5323
1831	5605
46	2188
1749	4489
408	5164
870	5338
1132	5195
399	5573
455	4458
837	4523
111	4648
1105	3520
281	5059
298	2488
3172	5460
1312	5161
2619	5284
860	5266
590	5405
1530	4157
1079	3992
3520	5276
4934	5259
3811	5568
479	5165
1531	4158
2020	4960
1064	3460
797	3116
30	5189
1640	4330
4115	5161
247	2420
255	5164
1597	5271
4434	5323
2420	5195
72	5191
432	5354
1754	5191
3135	5177
559	5166
3310	5178
4161	5164
2135	5211
1429	4002
1501	4107
449	2670
182	2555
132	5178
4984	5731
1844	5678
4935	5726
3259	5477
1502	4108
613	4584
172	5250
854	5464
1214	5627
1027	3406
996	5288
1371	5165
182	5300
361	2562
760	3062
2237	5200
2342	5253
273	2449
235	4143
2785	5185
3616	5342
584	2836
2886	5237
4570	5224
672	5164
173	5251
1388	3942
1120	5174
248	2621
4919	5723
1613	4289
1851	5164
18	3736
1306	5221
1854	5435
1479	5292
126	2286
2002	4924
585	2837
764	3068
2871	5373
2811	5179
885	5164
2032	5212
1614	4290
4524	5458
4175	5161
603	5185
757	5243
1795	4567
930	5171
4077	5183
1679	4392
486	5194
593	5406
3788	5166
607	2860
2684	5259
3232	5473
305	2495
4346	5164
3674	5180
2799	5325
2070	5036
581	4650
3415	5185
113	3084
4246	5342
2919	5247
32	3159
4325	5635
4774	5232
1832	5164
206	5261
126	5152
643	2904
157	4322
1646	4336
2071	5037
3216	5470
1953	5161
1303	5165
2074	5042
3058	5441
1118	5528
1550	5185
1627	5405
1766	4517
994	3363
515	2754
3269	5481
1786	5398
1976	4884
1363	3903
1507	5345
2278	5222
2291	5161
2913	5324
2030	4977
3262	5478
4563	5584
976	4891
1799	5224
1347	5472
1839	5180
1005	3377
576	5186
829	3151
1008	3382
1721	5161
741	3038
1592	4256
4464	5398
2766	5161
5110	5164
732	5433
367	2568
4992	5288
2091	5746
1391	3943
3689	5550
4945	5213
2784	5215
830	3152
1009	3383
1322	3843
742	3039
1918	4771
2076	5394
76	5164
368	2569
5048	5225
67	5201
529	5375
5028	5741
956	5299
674	4152
2970	5161
3104	5161
2425	5218
2564	5333
2765	5323
1714	5651
67	4154
2542	5165
3447	5271
1874	4706
1209	3678
1257	5412
2481	5155
425	5439
1735	5185
176	2340
2701	5158
3183	5161
511	5213
47	2189
613	2866
3328	5436
3020	5283
3785	5266
1886	5354
2621	5165
4151	5180
815	5215
2612	5345
1878	4712
1213	3684
48	2190
710	3329
315	4340
4926	5176
899	3982
528	5387
3494	5324
1413	3974
520	2759
1430	5195
2288	5226
964	3330
1093	5201
2541	5177
3320	5144
4840	5703
521	2760
408	4689
512	5155
14	3072
326	2521
2826	5166
2289	5227
965	3331
1040	5311
60	5174
963	5436
3213	5166
3373	5155
1405	5143
1509	5609
799	3118
1642	4332
2434	5172
661	5399
664	2930
315	4762
249	2422
1598	4262
363	5333
283	5224
2133	5180
126	3254
4162	5616
536	2780
110	2263
1031	5203
1500	4104
668	2936
4101	5606
5128	5180
2382	5246
21	5160
2657	5185
1456	4034
1495	5194
4340	5213
828	5346
2051	5003
1252	3746
1811	5430
3852	5166
4997	5370
449	4819
476	2707
3802	5165
117	5398
962	5224
4699	5267
464	5213
5091	5648
1030	3409
2401	5237
837	5458
587	2839
1283	5166
1175	5224
4237	5623
4914	5722
1569	4217
5010	5430
214	5186
212	4359
1932	4794
1359	5161
1105	5165
1868	5267
1572	4222
3331	5292
2627	5176
2209	5188
1750	4494
945	3306
4269	5166
4593	5672
4907	5719
596	5224
890	3227
3562	5161
2111	5439
1960	4861
2059	5020
3479	5392
2353	5201
3399	5283
3916	5164
576	5166
208	2375
2062	5025
1419	3985
2210	5152
946	3307
3900	5156
1134	5164
4796	5213
1223	3701
1100	5171
2902	5416
1761	4508
3775	5161
3312	5171
209	2376
1226	3706
1420	3986
3909	5161
1764	4513
1423	3991
904	3246
645	2906
254	5236
1159	5342
3391	5171
5005	5737
1685	4405
559	5234
1400	5584
806	3125
905	3247
3569	5177
212	4372
863	5465
12	4018
443	2664
542	2786
918	3711
1805	4586
541	5185
1113	3541
2940	5420
1392	5171
2049	5212
3854	5166
1727	5161
1650	5323
54	5183
1576	4354
2037	5732
2354	5259
2032	4979
1803	5156
4772	5507
2697	5369
4650	5401
96	5185
4635	5180
1544	5161
2355	5260
2991	5321
457	2683
2033	4980
2105	5085
631	5248
369	2570
4801	5161
5021	5393
2036	4985
920	5482
1725	4455
3529	5527
843	3658
1471	5176
4388	5337
66	4146
744	3041
3482	5186
458	2684
5139	5156
1806	5166
1891	5161
370	2571
4626	5394
856	5174
1453	5164
961	5227
1325	3846
952	3421
1128	5224
2047	4999
2487	5271
1320	5165
1470	4057
2577	5201
4522	5458
254	5370
89	3576
178	2342
497	2733
53	2985
3983	5180
615	2868
1148	3597
1408	3965
2807	5397
4412	5177
4632	5180
765	5436
1273	3777
182	5201
577	4153
4147	5288
2174	5161
3354	5243
4857	5155
1149	3598
495	2808
75	2222
469	3573
2723	5376
4085	5312
235	2997
1349	3888
1403	5585
2290	5228
966	3332
707	2992
1232	3717
1866	5166
1583	4240
732	4971
179	5204
3225	5213
1586	4245
4534	5180
2003	5171
967	3333
3336	5495
1058	3451
95	5210
1909	4755
1695	4417
2296	5164
315	5213
188	5258
1549	4183
4887	5712
488	5141
1448	5183
1872	4836
141	2702
3096	5333
3459	5156
77	5161
4466	5655
666	2932
1913	4761
1706	4431
1496	5604
915	3264
2941	5166
4773	5174
918	3269
252	2425
122	4939
464	2690
4095	5604
1952	4837
2950	5171
2962	5225
23	5162
4678	5430
1170	5210
1497	5605
919	3270
4551	5246
1564	4203
1428	5591
314	5225
2086	5182
2053	5005
182	4697
4096	5605
24	5163
1525	4211
4787	5193
3369	5505
3361	5501
2591	5174
1416	5244
478	2709
320	5161
4970	5171
5083	5191
839	3511
680	5324
2048	5191
845	3176
1669	4377
2752	5164
3181	5161
2804	5174
298	4355
225	5274
2063	5176
1632	4315
2057	5016
3180	5461
887	5393
3846	5142
1524	4144
2060	5021
1877	5314
226	5275
752	4796
1633	4316
4109	5143
592	5332
149	5171
996	5156
4897	5716
944	5491
5046	5201
298	2490
1092	5389
1126	4219
210	2377
430	2646
1421	3987
4983	5261
662	5167
316	2544
973	3339
3551	5229
182	3892
1751	5210
717	3004
3165	5459
211	2378
375	5339
1980	4890
1494	4093
3138	5176
4530	5666
1346	5161
3869	5166
4114	5608
4720	5152
572	5395
1310	5324
1731	5497
1525	4983
3307	5399
3120	5164
1495	4094
1282	4853
808	3127
728	3018
1121	3587
1108	5225
4159	5615
3100	5185
445	2666
544	2788
1072	5159
1192	5224
1869	5323
1068	3468
4378	5164
1791	5669
812	3133
551	5164
446	2667
4944	5661
1995	4910
3657	5224
132	5180
1998	4915
520	5176
3351	5297
676	2949
1741	5259
855	5166
1452	5156
4662	5682
2329	5200
4844	5201
730	5171
3768	5176
3343	5478
5140	5608
122	2282
1285	5164
1549	5619
162	5244
905	5288
4703	5161
158	2321
3989	5589
3549	5174
2735	5186
2426	5254
2861	5411
1261	3760
1562	4920
3177	5302
1363	5577
132	2448
1264	3765
444	5307
1248	5218
306	5602
68	2692
171	5185
4590	5671
3545	5176
212	5186
311	5308
1357	5161
322	5174
95	3734
1275	3779
676	5177
2822	5195
2398	5276
3733	5232
3001	5197
181	2345
1598	5223
74	2219
2065	5741
598	5257
1796	4570
2571	5204
1041	5189
884	5471
535	5174
1799	4575
330	5708
4238	5224
638	5415
1678	5337
990	3359
1304	5355
588	5185
733	5194
2376	5266
5034	5279
3014	5257
4745	5176
4850	5458
4995	5733
1541	4172
2508	5156
4266	5178
3754	5412
3330	5493
1387	3934
2573	5142
190	5260
1551	4185
732	5314
3530	5258
551	2795
1172	5357
1824	5283
1612	5629
3130	5324
4452	5161
1664	5639
1552	4186
122	5161
52	2293
5106	5276
67	5082
1673	5644
2755	5383
3506	5431
4719	5690
32	4041
1194	3660
128	2288
2001	5180
4128	5185
1770	4530
507	4679
279	2457
495	5379
487	5375
5104	5351
1773	4535
674	5201
921	3272
129	2289
646	5139
1378	5174
471	4204
160	4342
280	2458
370	5204
132	2294
623	5155
2362	5164
4836	5164
152	5161
609	2862
185	2943
837	4855
3699	5309
1253	4770
2485	5271
4543	5176
53	4221
1740	4479
4878	5166
2754	5166
1846	4646
1525	4145
187	2351
1849	4651
4630	5180
1337	3865
227	5276
307	5156
3427	5151
1634	4317
4491	5659
1971	5171
873	3209
4505	5185
188	2352
3217	5161
3341	5493
2015	4948
372	5142
3340	5497
1697	5196
1191	5324
517	2756
990	5191
1901	5191
3053	5440
4107	5260
1365	3905
4322	5185
3656	5324
48	5166
3707	5555
975	3341
1225	5322
2320	5180
516	4633
212	5045
132	3704
182	5282
1183	5325
999	5504
2050	5176
1496	4095
803	5449
2556	5164
3708	5556
616	5214
1594	4258
318	3342
3970	5147
3224	5214
4358	5143
2988	5166
1000	5505
2022	4964
2525	5176
3282	5155
1497	4096
992	5501
136	5171
1256	5202
1011	3385
664	5147
370	2714
1595	4259
2634	5348
3814	5164
1823	4611
861	5166
3434	5517
1070	3470
154	5161
1921	4774
4402	5191
2635	5349
3144	5455
110	2265
1122	5323
29	5166
3435	5518
352	2552
772	5210
4676	5430
40	5175
254	5284
722	5389
648	5174
3044	5224
3143	5346
4967	5493
386	5174
727	5324
721	5164
1027	5436
344	5177
1026	3405
705	5156
759	3061
1287	5166
449	4821
762	3066
2479	5302
4116	5443
50	2192
2921	5418
3455	5468
800	5164
1412	3971
95	5232
5058	5616
1765	5321
4494	5660
1517	5219
4495	5210
309	5341
4192	5209
3950	5267
4786	5539
3256	5344
732	5523
424	5178
1677	4390
3074	5224
416	5174
913	5226
355	5164
3475	5159
4217	5387
4311	5165
907	5411
2855	5185
1797	4571
4437	5161
659	5166
1569	5387
3231	5472
304	2494
273	2915
534	5171
1798	4572
2524	5201
2069	5035
211	3614
843	4465
68	3794
671	5176
1899	4740
445	5358
2894	5414
2377	5267
1942	5196
4196	5156
3215	5469
1645	4335
992	3361
452	3676
3903	5577
439	2660
538	2782
843	5224
3848	5232
1778	5618
969	5220
993	3362
1306	3822
240	4665
2323	5152
2457	5152
430	5171
3387	5288
4755	5155
4292	5165
1633	5156
4336	5171
3534	5486
1310	3828
4733	5401
1571	5180
1032	3411
4092	5341
366	2567
1861	4690
4660	5682
4297	5630
769	4120
589	2841
3249	5475
153	3622
3384	5254
281	2459
1187	5419
2637	5325
549	5019
282	2460
1916	5156
3170	5187
270	5195
470	5369
605	5185
611	2864
2187	5161
1847	4647
2803	5393
2190	5166
3075	5443
4922	5165
712	5427
291	5254
1928	5166
4960	5277
4798	5215
4731	5225
612	2865
1080	5185
2114	5176
251	3497
1027	3718
4789	5166
4024	5183
218	5269
1553	5225
1938	4807
1880	4716
4689	5164
1967	4870
219	5270
527	5386
3277	5370
112	5144
976	5478
2734	5271
3705	5322
1942	4813
62	5143
519	2758
463	5258
651	2914
176	3853
2849	5337
5078	5161
10	2243
4043	5174
4584	5412
3536	5486
1759	5185
3709	5557
325	2520
3206	5202
4512	5652
3420	5311
4848	5458
182	2471
2325	5224
1018	5187
1811	4594
665	3113
1596	4260
1908	5695
1316	3834
1236	3725
495	4099
4816	5245
378	5271
4359	5186
4136	5257
1725	5579
1444	4019
746	3043
1597	4261
460	2686
372	2573
1130	3563
4042	5595
4152	5201
1454	4032
182	4398
3606	5213
5076	5177
3639	5210
1250	3744
73	5165
1131	3564
750	3049
1165	5363
556	3858
1455	4033
376	2579
4607	5143
4087	5602
2499	5237
31	5168
3685	5213
2050	5002
2672	5165
4856	5704
3139	5454
3112	5171
126	5176
1171	5442
2622	5164
924	5156
1207	3675
1028	3407
4339	5185
4473	5185
1292	5323
4140	5613
2297	5224
401	4743
2093	5717
698	2980
52	2194
618	2871
1029	3408
4585	5362
4141	5614
3055	5167
957	3648
947	5261
2105	5584
449	5164
3618	5164
53	2195
3728	5561
1420	4318
295	2482
1686	5191
2129	5123
4390	5271
95	4937
4233	5324
2662	5357
1527	4151
3372	5224
969	3335
889	3226
1522	5613
2130	5124
2848	5224
3404	5213
713	3000
826	5272
207	2374
306	2496
4295	5155
4972	5254
1490	4089
704	5166
949	5342
2663	5178
3807	5566
2674	5187
893	3232
183	5171
1225	3705
516	5460
1297	3810
1901	4742
1491	4090
1763	4512
67	5225
1854	4667
530	2771
804	3123
903	3245
1708	4433
3608	5213
1794	5439
441	2662
540	2784
1162	5162
254	2427
1505	5156
1079	5164
649	5171
420	5348
995	3364
1712	4439
1477	5439
541	2785
3914	5175
1220	5554
4698	5257
3812	5164
288	5165
475	5171
1955	4840
53	5182
3930	5156
2031	4978
1312	3830
2103	5083
3283	5165
4034	5213
297	5170
4045	5451
4298	5631
168	5248
1585	5157
1200	5166
330	2723
5	5141
844	3173
1860	4687
456	2682
2104	5084
2330	5247
1136	5038
4215	5224
5136	5195
679	2956
3141	5346
2107	5089
2918	5417
1881	5155
169	5249
1867	5257
1991	5143
1767	5664
1607	5446
2339	5252
1340	3870
3592	5218
680	2957
3203	5177
4323	5171
592	2844
437	5185
121	3079
2798	5357
3255	5187
3648	5527
1657	5154
1468	4055
182	4666
4601	5152
798	5164
1026	5171
1341	3871
1843	5393
1447	5164
984	5174
767	5176
230	5237
2778	5378
4704	5164
1586	5624
1469	4056
4811	5147
4070	5292
496	2732
1178	5161
1147	3596
457	5364
1479	4069
499	2737
1208	5183
213	2380
1968	4871
1469	5224
3200	5143
1535	5398
2729	5378
3924	5174
1964	5166
2561	5156
1653	5161
500	2738
634	3721
1705	5171
1151	3602
3149	5183
697	5238
2147	5144
326	5182
1348	3887
2640	5156
4854	5458
1114	3540
2510	5312
1623	5632
1537	4168
2116	5156
1117	3545
182	4908
1907	4753
902	5463
287	4027
1001	3370
814	3135
734	3026
2211	5164
327	2522
547	2791
4498	5158
4148	5188
1118	3546
2282	5224
3315	5187
5114	5161
497	5185
846	5302
2266	5216
5072	5164
1002	3371
1235	3722
1387	3936
167	3967
1911	4759
212	5201
62	4210
1792	5333
1238	3727
1772	5238
3745	5185
960	5180
843	4366
2677	5201
4130	5292
3532	5486
4741	5180
462	2688
1838	4631
374	2575
2041	4990
3548	5430
4858	5176
235	2825
708	3274
463	2689
769	4947
2714	5204
375	2576
4827	5225
2140	5755
22	5161
2100	5161
4094	5194
333	5319
1402	3956
1461	5174
360	5156
2052	5004
1527	5119
5109	5288
4961	5161
2417	5282
2841	5164
2008	4934
18	5392
1667	4375
477	2708
1514	5185
183	2347
4634	5180
620	2873
2994	5379
298	4808
4865	5229
1057	4717
3737	5194
5052	5284
1488	5312
3588	5214
52	5161
2473	5298
4270	5428
1933	5699
701	2983
52	2537
2222	5164
2131	5125
1509	4733
3385	5156
2989	5156
1751	4495
4243	5187
223	5164
94	3064
209	5266
214	5344
971	3337
3789	5325
3918	5210
2132	5126
1433	5354
715	3002
429	2645
4423	5648
1492	4091
1591	4250
2404	5176
82	5161
972	3338
644	3881
554	5156
230	4507
516	4635
1979	4889
1493	4092
3795	5261
2834	5403
1856	4669
143	5176
1710	4435
225	5740
3019	5156
3684	5164
4319	5446
4485	5595
3090	5445
3326	5227
4515	5321
883	5331
1089	5436
576	3868
256	2429
2091	5066
1138	5212
1558	4194
343	5323
1711	4436
2517	5174
3543	5161
1714	4441
444	2665
2092	5067
4037	5324
70	5164
532	5338
1067	3467
3726	5282
55	5184
1610	5143
4595	5322
3483	5152
1997	4914
3620	5157
492	5158
4448	5654
810	5324
804	5164
2106	5607
3189	5464
1211	5259
1098	3512
460	4573
1342	3872
492	3473
1262	3763
449	4823
539	5391
682	2959
2212	5189
137	5231
594	2846
4182	5161
2860	5410
4596	5673
4820	5152
4547	5668
538	5166
1762	5663
2450	5246
3658	5161
1343	3873
1263	3764
1196	4757
4613	5204
2659	5356
1219	3694
4653	5160
20	4422
597	5337
2039	5153
72	2217
1113	3532
1738	5161
3859	5272
1150	3599
3696	5165
568	5166
502	2740
76	2223
4326	5152
3908	5164
1499	4098
366	5180
1350	3889
663	5174
280	5293
3481	5176
1116	5528
3472	5356
1539	4170
220	4833
4047	5215
1776	5165
549	2793
499	5187
58	5185
115	2272
212	3028
3445	5295
1506	5161
1910	4756
1274	5449
3208	5202
1550	4184
181	5255
817	3138
3585	5534
1182	3645
3004	5143
116	2273
3359	5191
2693	5367
1579	5267
2605	5254
2242	5202
4668	5683
2261	5215
1663	5638
4286	5352
4302	5180
1457	5161
891	4255
1476	5174
2728	5324
2136	5449
2694	5368
1352	5224
2043	4992
647	5292
936	5166
4026	5398
53	4553
3797	5538
5027	5212
465	2691
677	5171
278	2456
2308	5152
4539	5165
1404	3958
2742	5380
769	3075
2532	5161
3338	5145
1422	5589
1882	5690
185	2349
1575	4227
1414	5176
244	5324
273	4039
1739	4478
691	4552
1909	5155
1047	3433
583	4610
153	5551
3006	5431
4379	5642
186	2350
996	3387
210	5267
1131	5238
2867	5272
5121	5232
3033	5155
4380	5643
2075	5043
980	5185
4757	5221
1767	4518
4581	5224
385	5155
3485	5321
1661	5174
2030	5157
2437	5166
2899	5340
4852	5458
937	5488
431	2647
1858	5230
5119	5164
4258	5244
2279	5223
4305	5176
4373	5194
974	3340
1808	4591
2768	5387
4146	5188
126	5165
182	2473
3634	5156
2955	5213
2264	5216
516	5616
4484	5183
5133	5449
1958	5289
2979	5161
2093	5068
991	5500
353	5329
1010	3384
1919	4772
498	5338
3586	5201
1431	5363
1764	5652
1087	5324
354	5330
710	5194
2058	5232
346	5326
4283	5543
3576	5272
1242	5203
2805	5166
3710	5272
1203	3671
39	5174
137	2299
620	5156
836	3877
3357	5499
410	5346
4670	5430
3825	5375
614	2867
209	5213
3101	5164
107	5165
2884	5166
52	5229
126	5178
2399	5237
1745	4484
761	3065
1879	4713
2324	5243
4504	5254
121	4282
4726	5187
147	5237
291	2478
390	2600
81	2897
1101	3515
1414	3975
1746	4485
5008	5430
707	5165
292	2479
1475	5153
3164	5341
1415	3976
196	2362
95	3591
1994	5718
4553	5151
728	5224
302	2492
603	4406
885	5324
1168	5267
1112	3529
2200	5185
2764	5227
106	5177
306	5122
2538	5180
4804	5672
4273	5627
391	5166
1384	5156
281	5294
1376	5152
3910	5166
1730	5155
1061	3456
507	4065
1599	4263
3383	5506
665	5176
3370	5158
3933	5155
991	3360
2023	5493
993	3815
1991	4903
513	5164
1600	4264
176	3413
2881	5295
2914	5292
182	3078
3800	5156
1603	4269
3376	5237
2938	5420
17	2373
1136	3571
3244	5463
220	5176
1388	3935
1318	4285
3202	5466
4198	5165
4918	5671
3254	5476
717	5344
876	3531
1184	3647
1955	4842
2830	5185
4965	5194
1167	3823
2983	5427
3424	5515
1247	5164
17	3132
718	5165
3649	5224
1031	3410
2688	5366
3783	5224
1769	5325
1931	5158
1413	4000
1195	3661
3378	5404
3681	5176
668	5164
3345	5227
588	2840
4000	5338
1889	5161
150	5238
142	5234
1234	5166
4780	5678
1023	4345
1933	4795
782	5185
1573	4223
2331	5213
603	5299
1045	3429
4647	5679
3784	5161
182	4488
2996	5194
4190	5174
1812	5673
2063	5026
407	2620
1577	4229
2671	5254
3677	5183
1049	3435
1129	5530
1261	5161
1479	4071
295	5304
639	2899
603	5191
312	2504
2067	5032
2495	5213
1940	4811
1870	5161
1465	5341
3411	5185
4998	5734
2123	5161
313	2505
2602	5312
1985	5227
997	3366
4112	5232
5135	5739
909	3253
4137	5176
1124	5164
323	2518
543	2787
1806	4587
1037	3847
4367	5638
1809	4592
157	4966
1244	4820
998	3367
1582	5224
1032	5166
4911	5213
1265	5288
1314	3832
4996	5171
1810	4593
239	2411
3061	5193
3966	5299
1523	5174
2120	5164
4665	5682
1315	3833
1850	5160
1154	4782
4090	5185
2037	4986
793	5185
1012	3386
745	3042
1681	5467
4166	5180
4041	5594
1960	5705
2038	4987
3108	5160
827	5183
348	5328
1085	3492
235	5271
1662	4407
53	5151
749	3048
4533	5238
1365	5352
2559	5332
1205	3673
4860	5224
476	5370
139	2301
1842	4639
2543	5324
2132	5753
4567	5416
4619	5463
616	2869
2338	5220
4916	5649
1747	4486
51	2193
617	2870
231	5278
1153	3604
293	2480
770	5443
2221	5165
3938	5186
891	5324
4890	5224
4267	5245
2366	5174
460	4320
132	2648
3813	5191
3356	5324
3490	5324
516	5383
198	2364
1980	5224
871	5202
711	2998
340	5157
537	3636
4748	5176
1587	4246
2560	5161
1105	3977
4059	5597
3572	5213
1059	3452
5085	5584
5060	5182
1696	4418
1051	5434
132	5164
1638	4327
994	4491
299	5161
3491	5261
898	5606
2993	5164
3168	5165
3045	5174
2301	5171
994	5659
3118	5164
1137	5213
358	5332
3492	5225
4230	5191
2081	5247
4414	5537
3382	5210
1119	5430
1218	5552
546	3582
1895	5422
305	5213
742	5214
1593	5200
1939	5428
4869	5708
3114	5166
1229	5152
4335	5249
978	5161
1037	5512
1106	5203
1033	3412
552	5174
146	2308
846	3177
2321	5242
2475	5300
670	5166
2106	5088
1118	5442
590	2842
53	2903
5088	5607
359	5161
2882	5166
3781	5341
105	5165
3748	5164
4557	5333
452	5352
1790	4559
1339	3869
837	4525
327	5357
2314	5239
3890	5284
3178	5164
4357	5393
1001	5158
973	5325
3738	5272
134	5164
2247	5185
864	4106
205	5224
2065	5028
3374	5224
452	5244
2064	5212
3996	5158
1450	5398
1757	4503
456	5363
2005	5428
498	2736
638	2896
212	2379
718	3005
897	3236
3904	5160
286	5297
641	2901
314	2506
1113	3534
1758	4504
1309	5395
95	5357
126	2455
1947	5157
387	4711
3590	5229
4687	5685
898	3237
2021	4963
2756	5183
488	5288
4428	5165
722	3011
2285	5152
3729	5164
315	2507
4324	5224
875	5468
4343	5323
243	5191
518	5167
999	3368
3035	5241
537	5180
121	5351
732	3024
4144	5522
4758	5156
545	2789
691	5238
2501	5307
1116	3544
1069	3469
1000	3369
1072	3474
813	3134
733	3025
1717	4444
1889	4928
546	2790
4173	5176
2590	5155
1149	5155
5125	5214
2373	5157
450	2673
1723	5161
1999	4916
4646	5216
1048	5517
1073	3475
4021	5164
1726	5166
4450	5161
1027	5165
1317	3835
1237	3726
4554	5398
1012	5185
223	4616
1083	3488
2000	4917
2039	4988
4587	5166
4903	5143
407	5191
1936	5161
1600	5212
868	5177
954	5180
221	3380
373	2574
155	5241
617	5186
684	2961
2040	4989
596	2848
4819	5674
1087	3494
560	4243
3679	5176
4959	5159
253	5254
597	2849
185	4216
2006	4932
1401	3955
478	5372
1386	5224
4778	5678
1427	4996
3301	5489
646	5185
2228	5161
1911	5454
2483	5271
1269	3772
2007	4933
769	3077
110	3404
4541	5176
2546	5327
4799	5700
1861	5224
223	3281
4395	5467
2066	5742
1130	3842
699	2981
619	2872
1075	3906
504	2742
1783	5161
4845	5703
122	5449
1352	3891
505	2743
703	2987
2744	5204
1710	5176
4835	5515
2956	5203
586	5440
2138	5739
427	2643
3905	5352
5093	5401
283	3044
1589	4248
1079	5309
148	5214
2080	5389
1802	5295
970	3336
2341	5164
2440	5286
1480	5244
4815	5164
5043	5171
1273	5180
1698	4420
3268	5325
691	4266
819	3140
2167	5164
731	3027
4038	5243
1784	5246
207	5156
199	5152
23	5155
583	3686
861	5271
2491	5224
3068	5156
966	5144
1243	3732
957	5324
556	2802
1144	5187
3029	5164
1160	5540
3039	5214
1713	4440
922	3273
2887	5345
9	5149
834	3160
3611	5147
1337	5321
133	2295
1354	5261
1012	5152
4674	5430
3601	5331
1778	4542
544	5392
926	3279
794	5195
3609	5451
2208	5178
5124	5752
120	5101
3831	5155
1741	4480
2890	5212
2934	5398
545	5393
2370	5176
127	5225
1604	5185
3838	5316
273	4296
1742	4481
2655	5345
3010	5164
1053	3441
3860	5154
1676	4386
3793	5164
128	5226
2126	5117
1761	5662
3223	5393
1808	5185
4125	5610
264	5006
3275	5174
176	5159
1441	5428
2002	5724
1458	5597
1759	4505
114	3606
2272	5176
899	3238
700	5164
214	2381
1617	5324
1424	5195
4528	5325
1760	4506
1079	3699
4244	5157
980	3348
900	3239
2069	5261
3291	5160
2276	5182
1498	4097
724	3013
4194	5156
745	5171
1169	3629
1177	5210
448	2669
2511	5313
1538	4169
1824	4612
2982	5164
395	5174
1071	3471
609	5283
2959	5180
824	5171
3347	5176
1025	5161
334	5164
1049	5518
1707	5375
815	3136
1719	4446
1110	5156
1193	4745
548	2792
4062	5158
176	5401
565	5176
606	5214
760	5272
353	2553
452	2675
672	2944
819	4046
1214	5213
4221	5151
182	4886
41	5176
164	5246
170	5177
1253	3749
1857	4681
4900	5210
354	2554
1505	4113
3664	5233
1509	5395
2252	5210
1401	5224
1461	4043
194	2681
763	3067
2480	5303
1605	5628
3746	5159
3154	5247
4516	5220
4862	5448
341	5180
1103	3517
1689	5218
68	5430
3673	5174
767	3073
1154	5697
599	2851
2026	5254
4126	5156
1085	5225
1880	5688
375	2734
4263	5161
1590	5626
4483	5164
3858	5341
397	2609
4736	5201
1621	4301
1219	5161
1353	5161
3519	5237
1667	5171
1601	4817
506	2744
4905	5387
4186	5471
273	5431
1542	5176
1005	5237
4729	5161
1900	4741
3913	5578
2053	5737
507	2745
223	5201
578	5249
1424	3994
4683	5230
224	2393
1649	4341
2054	5738
1105	5180
439	5356
95	5546
2046	5734
4759	5454
1231	3715
1544	4175
182	3973
699	3854
610	5174
4575	5224
1278	5224
821	3142
1343	5353
270	5254
489	5707
2081	5053
3046	5439
1321	5185
1311	3829
3942	5582
797	5185
822	3143
4171	5176
2767	5386
1606	5174
4980	5165
3524	5185
3845	5420
558	2804
4234	5232
832	3156
1344	5174
634	3437
66	4148
3091	5446
1878	5224
996	3444
4307	5185
5017	5232
1899	5692
120	2578
1559	4195
1612	4287
837	4848
3599	5364
405	5191
229	5194
281	3169
4859	5289
229	4965
1423	5174
3214	5144
176	4959
1114	5242
11	5151
836	3162
4669	5165
1340	5176
3023	5433
135	2297
847	5243
3557	5254
216	5260
898	5474
1922	4777
4690	5224
2233	5164
1867	4698
3069	5436
1202	3670
4588	5176
136	2298
3558	5484
3016	5164
4441	5651
223	5155
1743	4482
67	4270
2691	5224
2226	5161
2924	5166
3566	5195
252	5218
546	5436
357	5271
1821	5341
1099	3513
1744	4483
4839	5288
1589	5592
1522	4141
54	5090
3650	5194
2128	5232
1757	5176
1412	5587
876	3212
4877	5171
290	2477
5097	5174
2700	5165
1100	3514
4843	5703
1640	5185
4306	5584
2168	5161
1067	5143
5118	5233
44	5161
3719	5558
2171	5166
4814	5416
1862	5234
3210	5272
5082	5167
577	5395
512	4103
4005	5363
3072	5158
3030	5341
2172	5167
656	2921
2183	5176
241	2413
1949	4829
2730	5165
495	5218
5067	5717
2319	5185
3155	5457
242	2414
3136	5215
3042	5171
1989	4901
1445	4020
1950	4830
2646	5171
2800	5229
2134	5405
1601	4267
646	4569
1500	5267
1990	4902
3121	5171
5137	5754
1251	3745
4053	5151
751	3050
1602	4268
2597	5171
2702	5224
1945	5245
761	5458
816	5165
575	2824
674	2946
2908	5292
3747	5224
368	4746
981	5498
580	5154
249	5283
